wavelengths,fluxes,convolved_flux,filter_wavelengths,filter_trans
  1.472000E+02,  0.000000E+00,  0.000000E+00,  9.600000E+03,  0.000000E+00
  1.510000E+02,  0.000000E+00,  0.000000E+00,  9.800000E+03,  2.000000E-02
  1.552000E+02,  0.000000E+00,  0.000000E+00,  1.000000E+04,  3.000000E-02
  1.588000E+02,  0.000000E+00,  0.000000E+00,  1.020000E+04,  6.000000E-02
  1.620000E+02,  0.000000E+00,  0.000000E+00,  1.040000E+04,  1.600000E-01
  1.660000E+02,  0.000000E+00,  0.000000E+00,  1.060000E+04,  3.500000E-01
  1.703000E+02,  0.000000E+00,  0.000000E+00,  1.080000E+04,  6.200000E-01
  1.734000E+02,  0.000000E+00,  0.000000E+00,  1.100000E+04,  9.300000E-01
  1.768000E+02,  0.000000E+00,  0.000000E+00,  1.120000E+04,  8.500000E-01
  1.802000E+02,  0.000000E+00,  0.000000E+00,  1.140000E+04,  7.800000E-01
  1.817000E+02,  0.000000E+00,  0.000000E+00,  1.160000E+04,  7.800000E-01
  1.861000E+02,  0.000000E+00,  0.000000E+00,  1.180000E+04,  8.000000E-01
  1.910000E+02,  0.000000E+00,  0.000000E+00,  1.200000E+04,  8.500000E-01
  1.939000E+02,  0.000000E+00,  0.000000E+00,  1.220000E+04,  9.300000E-01
  1.984000E+02,  0.000000E+00,  0.000000E+00,  1.240000E+04,  7.500000E-01
  2.018000E+02,  0.000000E+00,  0.000000E+00,  1.260000E+04,  6.400000E-01
  2.050000E+02,  0.000000E+00,  0.000000E+00,  1.280000E+04,  6.300000E-01
  2.105000E+02,  0.000000E+00,  0.000000E+00,  1.300000E+04,  6.300000E-01
  2.162000E+02,  0.000000E+00,  0.000000E+00,  1.320000E+04,  6.600000E-01
  2.198000E+02,  0.000000E+00,  0.000000E+00,  1.340000E+04,  6.800000E-01
  2.230000E+02,  0.000000E+00,  0.000000E+00,  1.360000E+04,  7.000000E-01
  2.268000E+02,  0.000000E+00,  0.000000E+00,  1.380000E+04,  7.000000E-01
  2.300000E+02,  0.000000E+00,  0.000000E+00,  1.400000E+04,  6.600000E-01
  2.340000E+02,  0.000000E+00,  0.000000E+00,  1.420000E+04,  6.000000E-01
  2.400000E+02,  0.000000E+00,  0.000000E+00,  1.440000E+04,  4.600000E-01
  2.465000E+02,  0.000000E+00,  0.000000E+00,  1.460000E+04,  2.700000E-01
  2.524000E+02,  0.000000E+00,  0.000000E+00,  1.480000E+04,  1.400000E-01
  2.568000E+02,  0.000000E+00,  0.000000E+00,  1.500000E+04,  9.000000E-02
  2.600000E+02,  0.000000E+00,  0.000000E+00,  1.520000E+04,  6.000000E-02
  2.640000E+02,  0.000000E+00,  0.000000E+00,  1.540000E+04,  2.000000E-02
  2.685000E+02,  0.000000E+00,  0.000000E+00,  1.560000E+04,  0.000000E+00
  2.735000E+02,  0.000000E+00,  0.000000E+00,  0.000000E+00,  0.000000E+00
  2.785000E+02,  0.000000E+00,  0.000000E+00,  0.000000E+00,  0.000000E+00
  2.840000E+02,  0.000000E+00,  0.000000E+00,  0.000000E+00,  0.000000E+00
  2.900000E+02,  0.000000E+00,  0.000000E+00,  0.000000E+00,  0.000000E+00
  2.960000E+02,  0.000000E+00,  0.000000E+00,  0.000000E+00,  0.000000E+00
  3.010000E+02,  0.000000E+00,  0.000000E+00,  0.000000E+00,  0.000000E+00
  3.080000E+02,  0.000000E+00,  0.000000E+00,  0.000000E+00,  0.000000E+00
  3.180000E+02,  0.000000E+00,  0.000000E+00,  0.000000E+00,  0.000000E+00
  3.280000E+02,  0.000000E+00,  0.000000E+00,  0.000000E+00,  0.000000E+00
  3.380000E+02,  0.000000E+00,  0.000000E+00,  0.000000E+00,  0.000000E+00
  3.480000E+02,  0.000000E+00,  0.000000E+00,  0.000000E+00,  0.000000E+00
  3.570000E+02,  0.000000E+00,  0.000000E+00,  0.000000E+00,  0.000000E+00
  3.660000E+02,  0.000000E+00,  0.000000E+00,  0.000000E+00,  0.000000E+00
  3.750000E+02,  0.000000E+00,  0.000000E+00,  0.000000E+00,  0.000000E+00
  3.850000E+02,  0.000000E+00,  0.000000E+00,  0.000000E+00,  0.000000E+00
  3.950000E+02,  0.000000E+00,  0.000000E+00,  0.000000E+00,  0.000000E+00
  4.050000E+02,  0.000000E+00,  0.000000E+00,  0.000000E+00,  0.000000E+00
  4.140000E+02,  0.000000E+00,  0.000000E+00,  0.000000E+00,  0.000000E+00
  4.220000E+02,  0.000000E+00,  0.000000E+00,  0.000000E+00,  0.000000E+00
  4.300000E+02,  0.000000E+00,  0.000000E+00,  0.000000E+00,  0.000000E+00
  4.410000E+02,  0.000000E+00,  0.000000E+00,  0.000000E+00,  0.000000E+00
  4.510000E+02,  0.000000E+00,  0.000000E+00,  0.000000E+00,  0.000000E+00
  4.600000E+02,  0.000000E+00,  0.000000E+00,  0.000000E+00,  0.000000E+00
  4.700000E+02,  0.000000E+00,  0.000000E+00,  0.000000E+00,  0.000000E+00
  4.800000E+02,  0.000000E+00,  0.000000E+00,  0.000000E+00,  0.000000E+00
  4.900000E+02,  0.000000E+00,  0.000000E+00,  0.000000E+00,  0.000000E+00
  5.000000E+02,  0.000000E+00,  0.000000E+00,  0.000000E+00,  0.000000E+00
  5.060000E+02,  0.000000E+00,  0.000000E+00,  0.000000E+00,  0.000000E+00
  5.120000E+02,  0.000000E+00,  0.000000E+00,  0.000000E+00,  0.000000E+00
  5.200000E+02,  0.000000E+00,  0.000000E+00,  0.000000E+00,  0.000000E+00
  5.300000E+02,  0.000000E+00,  0.000000E+00,  0.000000E+00,  0.000000E+00
  5.400000E+02,  0.000000E+00,  0.000000E+00,  0.000000E+00,  0.000000E+00
  5.500000E+02,  0.000000E+00,  0.000000E+00,  0.000000E+00,  0.000000E+00
  5.600000E+02,  0.000000E+00,  0.000000E+00,  0.000000E+00,  0.000000E+00
  5.700000E+02,  0.000000E+00,  0.000000E+00,  0.000000E+00,  0.000000E+00
  5.800000E+02,  0.000000E+00,  0.000000E+00,  0.000000E+00,  0.000000E+00
  5.900000E+02,  0.000000E+00,  0.000000E+00,  0.000000E+00,  0.000000E+00
  6.000000E+02,  0.000000E+00,  0.000000E+00,  0.000000E+00,  0.000000E+00
  6.100000E+02,  0.000000E+00,  0.000000E+00,  0.000000E+00,  0.000000E+00
  6.200000E+02,  0.000000E+00,  0.000000E+00,  0.000000E+00,  0.000000E+00
  6.300000E+02,  0.000000E+00,  0.000000E+00,  0.000000E+00,  0.000000E+00
  6.400000E+02,  0.000000E+00,  0.000000E+00,  0.000000E+00,  0.000000E+00
  6.500000E+02,  0.000000E+00,  0.000000E+00,  0.000000E+00,  0.000000E+00
  6.580000E+02,  0.000000E+00,  0.000000E+00,  0.000000E+00,  0.000000E+00
  6.650000E+02,  0.000000E+00,  0.000000E+00,  0.000000E+00,  0.000000E+00
  6.750000E+02,  0.000000E+00,  0.000000E+00,  0.000000E+00,  0.000000E+00
  6.850000E+02,  0.000000E+00,  0.000000E+00,  0.000000E+00,  0.000000E+00
  6.950000E+02,  0.000000E+00,  0.000000E+00,  0.000000E+00,  0.000000E+00
  7.050000E+02,  0.000000E+00,  0.000000E+00,  0.000000E+00,  0.000000E+00
  7.160000E+02,  0.000000E+00,  0.000000E+00,  0.000000E+00,  0.000000E+00
  7.260000E+02,  0.000000E+00,  0.000000E+00,  0.000000E+00,  0.000000E+00
  7.350000E+02,  0.000000E+00,  0.000000E+00,  0.000000E+00,  0.000000E+00
  7.450000E+02,  0.000000E+00,  0.000000E+00,  0.000000E+00,  0.000000E+00
  7.550000E+02,  0.000000E+00,  0.000000E+00,  0.000000E+00,  0.000000E+00
  7.650000E+02,  0.000000E+00,  0.000000E+00,  0.000000E+00,  0.000000E+00
  7.750000E+02,  0.000000E+00,  0.000000E+00,  0.000000E+00,  0.000000E+00
  7.850000E+02,  0.000000E+00,  0.000000E+00,  0.000000E+00,  0.000000E+00
  7.950000E+02,  0.000000E+00,  0.000000E+00,  0.000000E+00,  0.000000E+00
  8.050000E+02,  0.000000E+00,  0.000000E+00,  0.000000E+00,  0.000000E+00
  8.150000E+02,  0.000000E+00,  0.000000E+00,  0.000000E+00,  0.000000E+00
  8.250000E+02,  0.000000E+00,  0.000000E+00,  0.000000E+00,  0.000000E+00
  8.350000E+02,  0.000000E+00,  0.000000E+00,  0.000000E+00,  0.000000E+00
  8.450000E+02,  0.000000E+00,  0.000000E+00,  0.000000E+00,  0.000000E+00
  8.550000E+02,  0.000000E+00,  0.000000E+00,  0.000000E+00,  0.000000E+00
  8.650000E+02,  0.000000E+00,  0.000000E+00,  0.000000E+00,  0.000000E+00
  8.750000E+02,  0.000000E+00,  0.000000E+00,  0.000000E+00,  0.000000E+00
  8.850000E+02,  0.000000E+00,  0.000000E+00,  0.000000E+00,  0.000000E+00
  8.950000E+02,  0.000000E+00,  0.000000E+00,  0.000000E+00,  0.000000E+00
  9.050000E+02,  0.000000E+00,  0.000000E+00,  0.000000E+00,  0.000000E+00
  9.150000E+02,  0.000000E+00,  0.000000E+00,  0.000000E+00,  0.000000E+00
  9.250000E+02,  0.000000E+00,  0.000000E+00,  0.000000E+00,  0.000000E+00
  9.350000E+02,  0.000000E+00,  0.000000E+00,  0.000000E+00,  0.000000E+00
  9.450000E+02,  0.000000E+00,  0.000000E+00,  0.000000E+00,  0.000000E+00
  9.550000E+02,  0.000000E+00,  0.000000E+00,  0.000000E+00,  0.000000E+00
  9.650000E+02,  0.000000E+00,  0.000000E+00,  0.000000E+00,  0.000000E+00
  9.750000E+02,  0.000000E+00,  0.000000E+00,  0.000000E+00,  0.000000E+00
  9.850000E+02,  0.000000E+00,  0.000000E+00,  0.000000E+00,  0.000000E+00
  9.950000E+02,  0.000000E+00,  0.000000E+00,  0.000000E+00,  0.000000E+00
  1.005000E+03,  0.000000E+00,  0.000000E+00,  0.000000E+00,  0.000000E+00
  1.015000E+03,  0.000000E+00,  0.000000E+00,  0.000000E+00,  0.000000E+00
  1.025000E+03,  0.000000E+00,  0.000000E+00,  0.000000E+00,  0.000000E+00
  1.035000E+03,  0.000000E+00,  0.000000E+00,  0.000000E+00,  0.000000E+00
  1.045000E+03,  0.000000E+00,  0.000000E+00,  0.000000E+00,  0.000000E+00
  1.055000E+03,  0.000000E+00,  0.000000E+00,  0.000000E+00,  0.000000E+00
  1.065000E+03,  2.199185E-29,  0.000000E+00,  0.000000E+00,  0.000000E+00
  1.075000E+03,  0.000000E+00,  0.000000E+00,  0.000000E+00,  0.000000E+00
  1.085000E+03,  1.637922E-26,  0.000000E+00,  0.000000E+00,  0.000000E+00
  1.095000E+03,  1.209642E-26,  0.000000E+00,  0.000000E+00,  0.000000E+00
  1.105000E+03,  3.251003E-26,  0.000000E+00,  0.000000E+00,  0.000000E+00
  1.115000E+03,  3.001327E-26,  0.000000E+00,  0.000000E+00,  0.000000E+00
  1.125000E+03,  1.484683E-25,  0.000000E+00,  0.000000E+00,  0.000000E+00
  1.135000E+03,  2.678451E-25,  0.000000E+00,  0.000000E+00,  0.000000E+00
  1.145000E+03,  4.504687E-25,  0.000000E+00,  0.000000E+00,  0.000000E+00
  1.155000E+03,  6.578906E-25,  0.000000E+00,  0.000000E+00,  0.000000E+00
  1.165000E+03,  8.107085E-25,  0.000000E+00,  0.000000E+00,  0.000000E+00
  1.175000E+03,  1.284648E-24,  0.000000E+00,  0.000000E+00,  0.000000E+00
  1.185000E+03,  1.729501E-24,  0.000000E+00,  0.000000E+00,  0.000000E+00
  1.195000E+03,  2.027950E-24,  0.000000E+00,  0.000000E+00,  0.000000E+00
  1.205000E+03,  1.758712E-24,  0.000000E+00,  0.000000E+00,  0.000000E+00
  1.215000E+03,  9.686689E-25,  0.000000E+00,  0.000000E+00,  0.000000E+00
  1.225000E+03,  3.093961E-24,  0.000000E+00,  0.000000E+00,  0.000000E+00
  1.235000E+03,  7.599116E-24,  0.000000E+00,  0.000000E+00,  0.000000E+00
  1.245000E+03,  1.157224E-23,  0.000000E+00,  0.000000E+00,  0.000000E+00
  1.255000E+03,  1.553672E-23,  0.000000E+00,  0.000000E+00,  0.000000E+00
  1.265000E+03,  2.065407E-23,  0.000000E+00,  0.000000E+00,  0.000000E+00
  1.275000E+03,  2.681210E-23,  0.000000E+00,  0.000000E+00,  0.000000E+00
  1.285000E+03,  3.074156E-23,  0.000000E+00,  0.000000E+00,  0.000000E+00
  1.295000E+03,  3.946479E-23,  0.000000E+00,  0.000000E+00,  0.000000E+00
  1.305000E+03,  5.006875E-23,  0.000000E+00,  0.000000E+00,  0.000000E+00
  1.315000E+03,  6.572450E-23,  0.000000E+00,  0.000000E+00,  0.000000E+00
  1.325000E+03,  8.041025E-23,  0.000000E+00,  0.000000E+00,  0.000000E+00
  1.335000E+03,  9.650281E-23,  0.000000E+00,  0.000000E+00,  0.000000E+00
  1.345000E+03,  1.283698E-22,  0.000000E+00,  0.000000E+00,  0.000000E+00
  1.355000E+03,  1.680441E-22,  0.000000E+00,  0.000000E+00,  0.000000E+00
  1.365000E+03,  2.048686E-22,  0.000000E+00,  0.000000E+00,  0.000000E+00
  1.375000E+03,  2.503184E-22,  0.000000E+00,  0.000000E+00,  0.000000E+00
  1.385000E+03,  3.036361E-22,  0.000000E+00,  0.000000E+00,  0.000000E+00
  1.395000E+03,  3.773403E-22,  0.000000E+00,  0.000000E+00,  0.000000E+00
  1.405000E+03,  5.011496E-22,  0.000000E+00,  0.000000E+00,  0.000000E+00
  1.415000E+03,  6.452025E-22,  0.000000E+00,  0.000000E+00,  0.000000E+00
  1.425000E+03,  7.605645E-22,  0.000000E+00,  0.000000E+00,  0.000000E+00
  1.435000E+03,  9.939132E-22,  0.000000E+00,  0.000000E+00,  0.000000E+00
  1.442000E+03,  1.256635E-21,  0.000000E+00,  0.000000E+00,  0.000000E+00
  1.447000E+03,  1.250594E-21,  0.000000E+00,  0.000000E+00,  0.000000E+00
  1.455000E+03,  1.474630E-21,  0.000000E+00,  0.000000E+00,  0.000000E+00
  1.465000E+03,  1.963227E-21,  0.000000E+00,  0.000000E+00,  0.000000E+00
  1.475000E+03,  2.170880E-21,  0.000000E+00,  0.000000E+00,  0.000000E+00
  1.485000E+03,  2.578098E-21,  0.000000E+00,  0.000000E+00,  0.000000E+00
  1.495000E+03,  3.628865E-21,  0.000000E+00,  0.000000E+00,  0.000000E+00
  1.505000E+03,  4.671478E-21,  0.000000E+00,  0.000000E+00,  0.000000E+00
  1.512000E+03,  4.212843E-21,  0.000000E+00,  0.000000E+00,  0.000000E+00
  1.517000E+03,  5.497442E-21,  0.000000E+00,  0.000000E+00,  0.000000E+00
  1.525000E+03,  8.713412E-21,  0.000000E+00,  0.000000E+00,  0.000000E+00
  1.535000E+03,  3.792474E-20,  0.000000E+00,  0.000000E+00,  0.000000E+00
  1.545000E+03,  3.348396E-20,  0.000000E+00,  0.000000E+00,  0.000000E+00
  1.555000E+03,  5.934611E-20,  0.000000E+00,  0.000000E+00,  0.000000E+00
  1.565000E+03,  5.416468E-20,  0.000000E+00,  0.000000E+00,  0.000000E+00
  1.575000E+03,  1.389215E-19,  0.000000E+00,  0.000000E+00,  0.000000E+00
  1.585000E+03,  1.385942E-19,  0.000000E+00,  0.000000E+00,  0.000000E+00
  1.595000E+03,  1.370686E-19,  0.000000E+00,  0.000000E+00,  0.000000E+00
  1.605000E+03,  1.318422E-19,  0.000000E+00,  0.000000E+00,  0.000000E+00
  1.615000E+03,  1.284785E-19,  0.000000E+00,  0.000000E+00,  0.000000E+00
  1.625000E+03,  1.179961E-19,  0.000000E+00,  0.000000E+00,  0.000000E+00
  1.635000E+03,  1.763924E-19,  0.000000E+00,  0.000000E+00,  0.000000E+00
  1.645000E+03,  2.418930E-19,  0.000000E+00,  0.000000E+00,  0.000000E+00
  1.655000E+03,  1.739614E-19,  0.000000E+00,  0.000000E+00,  0.000000E+00
  1.665000E+03,  3.101269E-19,  0.000000E+00,  0.000000E+00,  0.000000E+00
  1.672000E+03,  2.207765E-19,  0.000000E+00,  0.000000E+00,  0.000000E+00
  1.677000E+03,  4.100210E-19,  0.000000E+00,  0.000000E+00,  0.000000E+00
  1.685000E+03,  5.937082E-19,  0.000000E+00,  0.000000E+00,  0.000000E+00
  1.695000E+03,  8.760365E-19,  0.000000E+00,  0.000000E+00,  0.000000E+00
  1.705000E+03,  9.651370E-19,  0.000000E+00,  0.000000E+00,  0.000000E+00
  1.715000E+03,  1.058680E-18,  0.000000E+00,  0.000000E+00,  0.000000E+00
  1.725000E+03,  1.567919E-18,  0.000000E+00,  0.000000E+00,  0.000000E+00
  1.735000E+03,  1.787404E-18,  0.000000E+00,  0.000000E+00,  0.000000E+00
  1.745000E+03,  2.708425E-18,  0.000000E+00,  0.000000E+00,  0.000000E+00
  1.755000E+03,  2.397281E-18,  0.000000E+00,  0.000000E+00,  0.000000E+00
  1.765000E+03,  3.374906E-18,  0.000000E+00,  0.000000E+00,  0.000000E+00
  1.775000E+03,  2.598143E-18,  0.000000E+00,  0.000000E+00,  0.000000E+00
  1.785000E+03,  6.331926E-18,  0.000000E+00,  0.000000E+00,  0.000000E+00
  1.795000E+03,  4.420641E-18,  0.000000E+00,  0.000000E+00,  0.000000E+00
  1.805000E+03,  9.101514E-18,  0.000000E+00,  0.000000E+00,  0.000000E+00
  1.815000E+03,  5.415647E-18,  0.000000E+00,  0.000000E+00,  0.000000E+00
  1.825000E+03,  1.011795E-17,  0.000000E+00,  0.000000E+00,  0.000000E+00
  1.835000E+03,  8.542568E-18,  0.000000E+00,  0.000000E+00,  0.000000E+00
  1.845000E+03,  1.206402E-17,  0.000000E+00,  0.000000E+00,  0.000000E+00
  1.855000E+03,  8.456768E-18,  0.000000E+00,  0.000000E+00,  0.000000E+00
  1.865000E+03,  1.681766E-17,  0.000000E+00,  0.000000E+00,  0.000000E+00
  1.875000E+03,  1.490275E-17,  0.000000E+00,  0.000000E+00,  0.000000E+00
  1.885000E+03,  1.961417E-17,  0.000000E+00,  0.000000E+00,  0.000000E+00
  1.895000E+03,  2.520520E-17,  0.000000E+00,  0.000000E+00,  0.000000E+00
  1.905000E+03,  2.455921E-17,  0.000000E+00,  0.000000E+00,  0.000000E+00
  1.915000E+03,  3.700207E-17,  0.000000E+00,  0.000000E+00,  0.000000E+00
  1.925000E+03,  2.869676E-17,  0.000000E+00,  0.000000E+00,  0.000000E+00
  1.935000E+03,  1.773895E-17,  0.000000E+00,  0.000000E+00,  0.000000E+00
  1.945000E+03,  4.128536E-17,  0.000000E+00,  0.000000E+00,  0.000000E+00
  1.955000E+03,  6.060388E-17,  0.000000E+00,  0.000000E+00,  0.000000E+00
  1.967000E+03,  6.500354E-17,  0.000000E+00,  0.000000E+00,  0.000000E+00
  1.976000E+03,  7.387291E-17,  0.000000E+00,  0.000000E+00,  0.000000E+00
  1.984000E+03,  9.450753E-17,  0.000000E+00,  0.000000E+00,  0.000000E+00
  1.995000E+03,  8.224845E-17,  0.000000E+00,  0.000000E+00,  0.000000E+00
  2.005000E+03,  9.580701E-17,  0.000000E+00,  0.000000E+00,  0.000000E+00
  2.015000E+03,  1.079302E-16,  0.000000E+00,  0.000000E+00,  0.000000E+00
  2.025000E+03,  9.210615E-17,  0.000000E+00,  0.000000E+00,  0.000000E+00
  2.035000E+03,  1.229986E-16,  0.000000E+00,  0.000000E+00,  0.000000E+00
  2.045000E+03,  1.273319E-16,  0.000000E+00,  0.000000E+00,  0.000000E+00
  2.055000E+03,  1.524083E-16,  0.000000E+00,  0.000000E+00,  0.000000E+00
  2.065000E+03,  1.407329E-16,  0.000000E+00,  0.000000E+00,  0.000000E+00
  2.074000E+03,  1.204144E-16,  0.000000E+00,  0.000000E+00,  0.000000E+00
  2.078000E+03,  1.745116E-16,  0.000000E+00,  0.000000E+00,  0.000000E+00
  2.085000E+03,  2.139533E-16,  0.000000E+00,  0.000000E+00,  0.000000E+00
  2.095000E+03,  3.197370E-16,  0.000000E+00,  0.000000E+00,  0.000000E+00
  2.105000E+03,  3.397346E-16,  0.000000E+00,  0.000000E+00,  0.000000E+00
  2.115000E+03,  3.086830E-16,  0.000000E+00,  0.000000E+00,  0.000000E+00
  2.125000E+03,  3.496923E-16,  0.000000E+00,  0.000000E+00,  0.000000E+00
  2.135000E+03,  4.584004E-16,  0.000000E+00,  0.000000E+00,  0.000000E+00
  2.145000E+03,  3.063529E-16,  0.000000E+00,  0.000000E+00,  0.000000E+00
  2.155000E+03,  3.989312E-16,  0.000000E+00,  0.000000E+00,  0.000000E+00
  2.165000E+03,  3.986669E-16,  0.000000E+00,  0.000000E+00,  0.000000E+00
  2.175000E+03,  4.443350E-16,  0.000000E+00,  0.000000E+00,  0.000000E+00
  2.185000E+03,  3.329519E-16,  0.000000E+00,  0.000000E+00,  0.000000E+00
  2.195000E+03,  6.688577E-16,  0.000000E+00,  0.000000E+00,  0.000000E+00
  2.205000E+03,  5.173901E-16,  0.000000E+00,  0.000000E+00,  0.000000E+00
  2.215000E+03,  6.656466E-16,  0.000000E+00,  0.000000E+00,  0.000000E+00
  2.225000E+03,  5.302370E-16,  0.000000E+00,  0.000000E+00,  0.000000E+00
  2.235000E+03,  8.889247E-16,  0.000000E+00,  0.000000E+00,  0.000000E+00
  2.245000E+03,  1.045139E-15,  0.000000E+00,  0.000000E+00,  0.000000E+00
  2.255000E+03,  1.360765E-15,  0.000000E+00,  0.000000E+00,  0.000000E+00
  2.265000E+03,  7.266287E-16,  0.000000E+00,  0.000000E+00,  0.000000E+00
  2.275000E+03,  1.372674E-15,  0.000000E+00,  0.000000E+00,  0.000000E+00
  2.285000E+03,  1.327047E-15,  0.000000E+00,  0.000000E+00,  0.000000E+00
  2.295000E+03,  2.074704E-15,  0.000000E+00,  0.000000E+00,  0.000000E+00
  2.305000E+03,  7.478944E-16,  0.000000E+00,  0.000000E+00,  0.000000E+00
  2.315000E+03,  2.596377E-15,  0.000000E+00,  0.000000E+00,  0.000000E+00
  2.325000E+03,  2.059164E-15,  0.000000E+00,  0.000000E+00,  0.000000E+00
  2.335000E+03,  3.254659E-15,  0.000000E+00,  0.000000E+00,  0.000000E+00
  2.345000E+03,  1.992634E-15,  0.000000E+00,  0.000000E+00,  0.000000E+00
  2.355000E+03,  1.624436E-15,  0.000000E+00,  0.000000E+00,  0.000000E+00
  2.365000E+03,  2.321656E-15,  0.000000E+00,  0.000000E+00,  0.000000E+00
  2.375000E+03,  2.232634E-15,  0.000000E+00,  0.000000E+00,  0.000000E+00
  2.385000E+03,  3.636437E-15,  0.000000E+00,  0.000000E+00,  0.000000E+00
  2.395000E+03,  3.510700E-15,  0.000000E+00,  0.000000E+00,  0.000000E+00
  2.405000E+03,  5.771781E-15,  0.000000E+00,  0.000000E+00,  0.000000E+00
  2.415000E+03,  3.602332E-15,  0.000000E+00,  0.000000E+00,  0.000000E+00
  2.425000E+03,  4.476402E-15,  0.000000E+00,  0.000000E+00,  0.000000E+00
  2.435000E+03,  6.244957E-15,  0.000000E+00,  0.000000E+00,  0.000000E+00
  2.445000E+03,  8.462524E-15,  0.000000E+00,  0.000000E+00,  0.000000E+00
  2.455000E+03,  9.501715E-15,  0.000000E+00,  0.000000E+00,  0.000000E+00
  2.465000E+03,  6.242630E-15,  0.000000E+00,  0.000000E+00,  0.000000E+00
  2.475000E+03,  9.765688E-15,  0.000000E+00,  0.000000E+00,  0.000000E+00
  2.485000E+03,  3.683175E-15,  0.000000E+00,  0.000000E+00,  0.000000E+00
  2.495000E+03,  4.416692E-15,  0.000000E+00,  0.000000E+00,  0.000000E+00
  2.505000E+03,  8.795339E-15,  0.000000E+00,  0.000000E+00,  0.000000E+00
  2.513000E+03,  6.139685E-15,  0.000000E+00,  0.000000E+00,  0.000000E+00
  2.518000E+03,  5.586813E-15,  0.000000E+00,  0.000000E+00,  0.000000E+00
  2.525000E+03,  6.286157E-15,  0.000000E+00,  0.000000E+00,  0.000000E+00
  2.535000E+03,  1.331927E-14,  0.000000E+00,  0.000000E+00,  0.000000E+00
  2.545000E+03,  1.639739E-14,  0.000000E+00,  0.000000E+00,  0.000000E+00
  2.555000E+03,  2.210815E-14,  0.000000E+00,  0.000000E+00,  0.000000E+00
  2.565000E+03,  1.389839E-14,  0.000000E+00,  0.000000E+00,  0.000000E+00
  2.575000E+03,  2.280872E-14,  0.000000E+00,  0.000000E+00,  0.000000E+00
  2.585000E+03,  1.876802E-14,  0.000000E+00,  0.000000E+00,  0.000000E+00
  2.595000E+03,  2.206891E-14,  0.000000E+00,  0.000000E+00,  0.000000E+00
  2.605000E+03,  2.822887E-14,  0.000000E+00,  0.000000E+00,  0.000000E+00
  2.615000E+03,  2.512919E-14,  0.000000E+00,  0.000000E+00,  0.000000E+00
  2.625000E+03,  3.703068E-14,  0.000000E+00,  0.000000E+00,  0.000000E+00
  2.635000E+03,  7.788982E-14,  0.000000E+00,  0.000000E+00,  0.000000E+00
  2.645000E+03,  6.882659E-14,  0.000000E+00,  0.000000E+00,  0.000000E+00
  2.655000E+03,  1.464543E-13,  0.000000E+00,  0.000000E+00,  0.000000E+00
  2.665000E+03,  8.363558E-14,  0.000000E+00,  0.000000E+00,  0.000000E+00
  2.675000E+03,  7.284840E-14,  0.000000E+00,  0.000000E+00,  0.000000E+00
  2.685000E+03,  1.095505E-13,  0.000000E+00,  0.000000E+00,  0.000000E+00
  2.695000E+03,  5.141016E-14,  0.000000E+00,  0.000000E+00,  0.000000E+00
  2.705000E+03,  9.885986E-14,  0.000000E+00,  0.000000E+00,  0.000000E+00
  2.715000E+03,  6.494422E-14,  0.000000E+00,  0.000000E+00,  0.000000E+00
  2.725000E+03,  4.656654E-14,  0.000000E+00,  0.000000E+00,  0.000000E+00
  2.735000E+03,  5.712944E-14,  0.000000E+00,  0.000000E+00,  0.000000E+00
  2.745000E+03,  6.591074E-14,  0.000000E+00,  0.000000E+00,  0.000000E+00
  2.755000E+03,  7.271247E-14,  0.000000E+00,  0.000000E+00,  0.000000E+00
  2.765000E+03,  9.965689E-14,  0.000000E+00,  0.000000E+00,  0.000000E+00
  2.775000E+03,  1.168058E-13,  0.000000E+00,  0.000000E+00,  0.000000E+00
  2.785000E+03,  7.431448E-14,  0.000000E+00,  0.000000E+00,  0.000000E+00
  2.795000E+03,  6.278829E-14,  0.000000E+00,  0.000000E+00,  0.000000E+00
  2.805000E+03,  7.027223E-14,  0.000000E+00,  0.000000E+00,  0.000000E+00
  2.815000E+03,  9.820782E-14,  0.000000E+00,  0.000000E+00,  0.000000E+00
  2.825000E+03,  1.007170E-13,  0.000000E+00,  0.000000E+00,  0.000000E+00
  2.835000E+03,  8.332411E-14,  0.000000E+00,  0.000000E+00,  0.000000E+00
  2.845000E+03,  5.758559E-14,  0.000000E+00,  0.000000E+00,  0.000000E+00
  2.855000E+03,  2.674144E-14,  0.000000E+00,  0.000000E+00,  0.000000E+00
  2.865000E+03,  8.143377E-14,  0.000000E+00,  0.000000E+00,  0.000000E+00
  2.875000E+03,  1.032961E-13,  0.000000E+00,  0.000000E+00,  0.000000E+00
  2.885000E+03,  1.433149E-13,  0.000000E+00,  0.000000E+00,  0.000000E+00
  2.895000E+03,  1.962396E-13,  0.000000E+00,  0.000000E+00,  0.000000E+00
  2.910000E+03,  3.088863E-13,  0.000000E+00,  0.000000E+00,  0.000000E+00
  2.930000E+03,  3.302546E-13,  0.000000E+00,  0.000000E+00,  0.000000E+00
  2.950000E+03,  2.843257E-13,  0.000000E+00,  0.000000E+00,  0.000000E+00
  2.970000E+03,  2.814720E-13,  0.000000E+00,  0.000000E+00,  0.000000E+00
  2.990000E+03,  2.926597E-13,  0.000000E+00,  0.000000E+00,  0.000000E+00
  3.010000E+03,  2.684020E-13,  0.000000E+00,  0.000000E+00,  0.000000E+00
  3.030000E+03,  3.947661E-13,  0.000000E+00,  0.000000E+00,  0.000000E+00
  3.050000E+03,  4.198877E-13,  0.000000E+00,  0.000000E+00,  0.000000E+00
  3.070000E+03,  6.541655E-13,  0.000000E+00,  0.000000E+00,  0.000000E+00
  3.090000E+03,  5.360718E-13,  0.000000E+00,  0.000000E+00,  0.000000E+00
  3.110000E+03,  1.001746E-12,  0.000000E+00,  0.000000E+00,  0.000000E+00
  3.130000E+03,  8.450165E-13,  0.000000E+00,  0.000000E+00,  0.000000E+00
  3.150000E+03,  1.154379E-12,  0.000000E+00,  0.000000E+00,  0.000000E+00
  3.170000E+03,  1.476048E-12,  0.000000E+00,  0.000000E+00,  0.000000E+00
  3.190000E+03,  1.150606E-12,  0.000000E+00,  0.000000E+00,  0.000000E+00
  3.210000E+03,  1.206011E-12,  0.000000E+00,  0.000000E+00,  0.000000E+00
  3.230000E+03,  1.035477E-12,  0.000000E+00,  0.000000E+00,  0.000000E+00
  3.250000E+03,  1.859140E-12,  0.000000E+00,  0.000000E+00,  0.000000E+00
  3.270000E+03,  2.560255E-12,  0.000000E+00,  0.000000E+00,  0.000000E+00
  3.290000E+03,  2.777172E-12,  0.000000E+00,  0.000000E+00,  0.000000E+00
  3.310000E+03,  2.106688E-12,  0.000000E+00,  0.000000E+00,  0.000000E+00
  3.330000E+03,  2.177269E-12,  0.000000E+00,  0.000000E+00,  0.000000E+00
  3.350000E+03,  1.919023E-12,  0.000000E+00,  0.000000E+00,  0.000000E+00
  3.370000E+03,  1.043325E-12,  0.000000E+00,  0.000000E+00,  0.000000E+00
  3.390000E+03,  1.317661E-12,  0.000000E+00,  0.000000E+00,  0.000000E+00
  3.410000E+03,  1.449889E-12,  0.000000E+00,  0.000000E+00,  0.000000E+00
  3.430000E+03,  1.754234E-12,  0.000000E+00,  0.000000E+00,  0.000000E+00
  3.450000E+03,  1.648315E-12,  0.000000E+00,  0.000000E+00,  0.000000E+00
  3.470000E+03,  1.681360E-12,  0.000000E+00,  0.000000E+00,  0.000000E+00
  3.490000E+03,  2.374019E-12,  0.000000E+00,  0.000000E+00,  0.000000E+00
  3.510000E+03,  2.957661E-12,  0.000000E+00,  0.000000E+00,  0.000000E+00
  3.530000E+03,  2.624499E-12,  0.000000E+00,  0.000000E+00,  0.000000E+00
  3.550000E+03,  3.508719E-12,  0.000000E+00,  0.000000E+00,  0.000000E+00
  3.570000E+03,  1.549677E-12,  0.000000E+00,  0.000000E+00,  0.000000E+00
  3.590000E+03,  1.623142E-12,  0.000000E+00,  0.000000E+00,  0.000000E+00
  3.610000E+03,  2.440496E-12,  0.000000E+00,  0.000000E+00,  0.000000E+00
  3.630000E+03,  2.876073E-12,  0.000000E+00,  0.000000E+00,  0.000000E+00
  3.640000E+03,  3.174586E-12,  0.000000E+00,  0.000000E+00,  0.000000E+00
  3.650000E+03,  3.921035E-12,  0.000000E+00,  0.000000E+00,  0.000000E+00
  3.670000E+03,  4.646183E-12,  0.000000E+00,  0.000000E+00,  0.000000E+00
  3.690000E+03,  3.658577E-12,  0.000000E+00,  0.000000E+00,  0.000000E+00
  3.710000E+03,  3.221374E-12,  0.000000E+00,  0.000000E+00,  0.000000E+00
  3.730000E+03,  1.346980E-12,  0.000000E+00,  0.000000E+00,  0.000000E+00
  3.750000E+03,  1.676370E-12,  0.000000E+00,  0.000000E+00,  0.000000E+00
  3.770000E+03,  3.435653E-12,  0.000000E+00,  0.000000E+00,  0.000000E+00
  3.790000E+03,  3.663023E-12,  0.000000E+00,  0.000000E+00,  0.000000E+00
  3.810000E+03,  3.059116E-12,  0.000000E+00,  0.000000E+00,  0.000000E+00
  3.830000E+03,  1.274914E-12,  0.000000E+00,  0.000000E+00,  0.000000E+00
  3.850000E+03,  2.035742E-12,  0.000000E+00,  0.000000E+00,  0.000000E+00
  3.870000E+03,  1.999275E-12,  0.000000E+00,  0.000000E+00,  0.000000E+00
  3.890000E+03,  2.724357E-12,  0.000000E+00,  0.000000E+00,  0.000000E+00
  3.910000E+03,  3.934812E-12,  0.000000E+00,  0.000000E+00,  0.000000E+00
  3.930000E+03,  1.493422E-12,  0.000000E+00,  0.000000E+00,  0.000000E+00
  3.950000E+03,  3.195568E-12,  0.000000E+00,  0.000000E+00,  0.000000E+00
  3.970000E+03,  2.144891E-12,  0.000000E+00,  0.000000E+00,  0.000000E+00
  3.990000E+03,  6.245398E-12,  0.000000E+00,  0.000000E+00,  0.000000E+00
  4.010000E+03,  7.549867E-12,  0.000000E+00,  0.000000E+00,  0.000000E+00
  4.030000E+03,  6.408207E-12,  0.000000E+00,  0.000000E+00,  0.000000E+00
  4.050000E+03,  6.264681E-12,  0.000000E+00,  0.000000E+00,  0.000000E+00
  4.070000E+03,  5.658203E-12,  0.000000E+00,  0.000000E+00,  0.000000E+00
  4.090000E+03,  8.174869E-12,  0.000000E+00,  0.000000E+00,  0.000000E+00
  4.110000E+03,  6.512426E-12,  0.000000E+00,  0.000000E+00,  0.000000E+00
  4.130000E+03,  6.604153E-12,  0.000000E+00,  0.000000E+00,  0.000000E+00
  4.150000E+03,  6.027513E-12,  0.000000E+00,  0.000000E+00,  0.000000E+00
  4.170000E+03,  6.252279E-12,  0.000000E+00,  0.000000E+00,  0.000000E+00
  4.190000E+03,  6.233353E-12,  0.000000E+00,  0.000000E+00,  0.000000E+00
  4.210000E+03,  6.162847E-12,  0.000000E+00,  0.000000E+00,  0.000000E+00
  4.230000E+03,  5.017758E-12,  0.000000E+00,  0.000000E+00,  0.000000E+00
  4.250000E+03,  6.591301E-12,  0.000000E+00,  0.000000E+00,  0.000000E+00
  4.270000E+03,  5.959953E-12,  0.000000E+00,  0.000000E+00,  0.000000E+00
  4.290000E+03,  5.587995E-12,  0.000000E+00,  0.000000E+00,  0.000000E+00
  4.310000E+03,  5.444758E-12,  0.000000E+00,  0.000000E+00,  0.000000E+00
  4.330000E+03,  8.361701E-12,  0.000000E+00,  0.000000E+00,  0.000000E+00
  4.350000E+03,  8.659717E-12,  0.000000E+00,  0.000000E+00,  0.000000E+00
  4.370000E+03,  9.284408E-12,  0.000000E+00,  0.000000E+00,  0.000000E+00
  4.390000E+03,  7.741888E-12,  0.000000E+00,  0.000000E+00,  0.000000E+00
  4.410000E+03,  8.414978E-12,  0.000000E+00,  0.000000E+00,  0.000000E+00
  4.430000E+03,  9.314359E-12,  0.000000E+00,  0.000000E+00,  0.000000E+00
  4.450000E+03,  9.532292E-12,  0.000000E+00,  0.000000E+00,  0.000000E+00
  4.470000E+03,  1.061611E-11,  0.000000E+00,  0.000000E+00,  0.000000E+00
  4.490000E+03,  1.106438E-11,  0.000000E+00,  0.000000E+00,  0.000000E+00
  4.510000E+03,  1.304003E-11,  0.000000E+00,  0.000000E+00,  0.000000E+00
  4.530000E+03,  1.080689E-11,  0.000000E+00,  0.000000E+00,  0.000000E+00
  4.550000E+03,  1.188283E-11,  0.000000E+00,  0.000000E+00,  0.000000E+00
  4.570000E+03,  1.281627E-11,  0.000000E+00,  0.000000E+00,  0.000000E+00
  4.590000E+03,  1.227779E-11,  0.000000E+00,  0.000000E+00,  0.000000E+00
  4.610000E+03,  1.270511E-11,  0.000000E+00,  0.000000E+00,  0.000000E+00
  4.630000E+03,  1.264889E-11,  0.000000E+00,  0.000000E+00,  0.000000E+00
  4.650000E+03,  1.242182E-11,  0.000000E+00,  0.000000E+00,  0.000000E+00
  4.670000E+03,  1.337192E-11,  0.000000E+00,  0.000000E+00,  0.000000E+00
  4.690000E+03,  1.301522E-11,  0.000000E+00,  0.000000E+00,  0.000000E+00
  4.710000E+03,  1.228567E-11,  0.000000E+00,  0.000000E+00,  0.000000E+00
  4.730000E+03,  1.254837E-11,  0.000000E+00,  0.000000E+00,  0.000000E+00
  4.750000E+03,  1.255448E-11,  0.000000E+00,  0.000000E+00,  0.000000E+00
  4.770000E+03,  1.194706E-11,  0.000000E+00,  0.000000E+00,  0.000000E+00
  4.790000E+03,  1.238006E-11,  0.000000E+00,  0.000000E+00,  0.000000E+00
  4.810000E+03,  1.330916E-11,  0.000000E+00,  0.000000E+00,  0.000000E+00
  4.830000E+03,  1.340280E-11,  0.000000E+00,  0.000000E+00,  0.000000E+00
  4.850000E+03,  1.333057E-11,  0.000000E+00,  0.000000E+00,  0.000000E+00
  4.870000E+03,  1.229102E-11,  0.000000E+00,  0.000000E+00,  0.000000E+00
  4.890000E+03,  1.296062E-11,  0.000000E+00,  0.000000E+00,  0.000000E+00
  4.910000E+03,  1.304604E-11,  0.000000E+00,  0.000000E+00,  0.000000E+00
  4.930000E+03,  1.220814E-11,  0.000000E+00,  0.000000E+00,  0.000000E+00
  4.950000E+03,  1.263866E-11,  0.000000E+00,  0.000000E+00,  0.000000E+00
  4.970000E+03,  1.244950E-11,  0.000000E+00,  0.000000E+00,  0.000000E+00
  4.990000E+03,  1.110909E-11,  0.000000E+00,  0.000000E+00,  0.000000E+00
  5.010000E+03,  9.954013E-12,  0.000000E+00,  0.000000E+00,  0.000000E+00
  5.030000E+03,  1.079279E-11,  0.000000E+00,  0.000000E+00,  0.000000E+00
  5.050000E+03,  1.016521E-11,  0.000000E+00,  0.000000E+00,  0.000000E+00
  5.070000E+03,  1.016979E-11,  0.000000E+00,  0.000000E+00,  0.000000E+00
  5.090000E+03,  9.571011E-12,  0.000000E+00,  0.000000E+00,  0.000000E+00
  5.110000E+03,  9.788479E-12,  0.000000E+00,  0.000000E+00,  0.000000E+00
  5.130000E+03,  9.350683E-12,  0.000000E+00,  0.000000E+00,  0.000000E+00
  5.150000E+03,  8.776105E-12,  0.000000E+00,  0.000000E+00,  0.000000E+00
  5.170000E+03,  7.404814E-12,  0.000000E+00,  0.000000E+00,  0.000000E+00
  5.190000E+03,  8.134595E-12,  0.000000E+00,  0.000000E+00,  0.000000E+00
  5.210000E+03,  9.761131E-12,  0.000000E+00,  0.000000E+00,  0.000000E+00
  5.230000E+03,  1.287155E-11,  0.000000E+00,  0.000000E+00,  0.000000E+00
  5.250000E+03,  1.386544E-11,  0.000000E+00,  0.000000E+00,  0.000000E+00
  5.270000E+03,  1.149823E-11,  0.000000E+00,  0.000000E+00,  0.000000E+00
  5.290000E+03,  1.397523E-11,  0.000000E+00,  0.000000E+00,  0.000000E+00
  5.310000E+03,  1.519964E-11,  0.000000E+00,  0.000000E+00,  0.000000E+00
  5.330000E+03,  1.297110E-11,  0.000000E+00,  0.000000E+00,  0.000000E+00
  5.350000E+03,  1.429311E-11,  0.000000E+00,  0.000000E+00,  0.000000E+00
  5.370000E+03,  1.422376E-11,  0.000000E+00,  0.000000E+00,  0.000000E+00
  5.390000E+03,  1.379202E-11,  0.000000E+00,  0.000000E+00,  0.000000E+00
  5.410000E+03,  1.351858E-11,  0.000000E+00,  0.000000E+00,  0.000000E+00
  5.430000E+03,  1.365158E-11,  0.000000E+00,  0.000000E+00,  0.000000E+00
  5.450000E+03,  1.414433E-11,  0.000000E+00,  0.000000E+00,  0.000000E+00
  5.470000E+03,  1.431092E-11,  0.000000E+00,  0.000000E+00,  0.000000E+00
  5.490000E+03,  1.439031E-11,  0.000000E+00,  0.000000E+00,  0.000000E+00
  5.510000E+03,  1.404329E-11,  0.000000E+00,  0.000000E+00,  0.000000E+00
  5.530000E+03,  1.480068E-11,  0.000000E+00,  0.000000E+00,  0.000000E+00
  5.550000E+03,  1.515096E-11,  0.000000E+00,  0.000000E+00,  0.000000E+00
  5.570000E+03,  1.453622E-11,  0.000000E+00,  0.000000E+00,  0.000000E+00
  5.590000E+03,  1.377546E-11,  0.000000E+00,  0.000000E+00,  0.000000E+00
  5.610000E+03,  1.478063E-11,  0.000000E+00,  0.000000E+00,  0.000000E+00
  5.630000E+03,  1.510620E-11,  0.000000E+00,  0.000000E+00,  0.000000E+00
  5.650000E+03,  1.531365E-11,  0.000000E+00,  0.000000E+00,  0.000000E+00
  5.670000E+03,  1.487249E-11,  0.000000E+00,  0.000000E+00,  0.000000E+00
  5.690000E+03,  1.515388E-11,  0.000000E+00,  0.000000E+00,  0.000000E+00
  5.710000E+03,  1.447184E-11,  0.000000E+00,  0.000000E+00,  0.000000E+00
  5.730000E+03,  1.576628E-11,  0.000000E+00,  0.000000E+00,  0.000000E+00
  5.750000E+03,  1.548302E-11,  0.000000E+00,  0.000000E+00,  0.000000E+00
  5.770000E+03,  1.566510E-11,  0.000000E+00,  0.000000E+00,  0.000000E+00
  5.790000E+03,  1.483378E-11,  0.000000E+00,  0.000000E+00,  0.000000E+00
  5.810000E+03,  1.559351E-11,  0.000000E+00,  0.000000E+00,  0.000000E+00
  5.830000E+03,  1.603182E-11,  0.000000E+00,  0.000000E+00,  0.000000E+00
  5.850000E+03,  1.543536E-11,  0.000000E+00,  0.000000E+00,  0.000000E+00
  5.870000E+03,  1.544192E-11,  0.000000E+00,  0.000000E+00,  0.000000E+00
  5.890000E+03,  1.087930E-11,  0.000000E+00,  0.000000E+00,  0.000000E+00
  5.910000E+03,  1.503097E-11,  0.000000E+00,  0.000000E+00,  0.000000E+00
  5.930000E+03,  1.541184E-11,  0.000000E+00,  0.000000E+00,  0.000000E+00
  5.950000E+03,  1.546229E-11,  0.000000E+00,  0.000000E+00,  0.000000E+00
  5.970000E+03,  1.569880E-11,  0.000000E+00,  0.000000E+00,  0.000000E+00
  5.990000E+03,  1.551254E-11,  0.000000E+00,  0.000000E+00,  0.000000E+00
  6.010000E+03,  1.524180E-11,  0.000000E+00,  0.000000E+00,  0.000000E+00
  6.030000E+03,  1.553684E-11,  0.000000E+00,  0.000000E+00,  0.000000E+00
  6.050000E+03,  1.581611E-11,  0.000000E+00,  0.000000E+00,  0.000000E+00
  6.070000E+03,  1.564201E-11,  0.000000E+00,  0.000000E+00,  0.000000E+00
  6.090000E+03,  1.517070E-11,  0.000000E+00,  0.000000E+00,  0.000000E+00
  6.110000E+03,  1.517109E-11,  0.000000E+00,  0.000000E+00,  0.000000E+00
  6.130000E+03,  1.415973E-11,  0.000000E+00,  0.000000E+00,  0.000000E+00
  6.150000E+03,  1.493858E-11,  0.000000E+00,  0.000000E+00,  0.000000E+00
  6.170000E+03,  1.359600E-11,  0.000000E+00,  0.000000E+00,  0.000000E+00
  6.190000E+03,  1.518164E-11,  0.000000E+00,  0.000000E+00,  0.000000E+00
  6.210000E+03,  1.508334E-11,  0.000000E+00,  0.000000E+00,  0.000000E+00
  6.230000E+03,  1.468178E-11,  0.000000E+00,  0.000000E+00,  0.000000E+00
  6.250000E+03,  1.420693E-11,  0.000000E+00,  0.000000E+00,  0.000000E+00
  6.270000E+03,  1.478301E-11,  0.000000E+00,  0.000000E+00,  0.000000E+00
  6.290000E+03,  1.505905E-11,  0.000000E+00,  0.000000E+00,  0.000000E+00
  6.310000E+03,  1.459579E-11,  0.000000E+00,  0.000000E+00,  0.000000E+00
  6.330000E+03,  1.478841E-11,  0.000000E+00,  0.000000E+00,  0.000000E+00
  6.350000E+03,  1.493340E-11,  0.000000E+00,  0.000000E+00,  0.000000E+00
  6.370000E+03,  1.488489E-11,  0.000000E+00,  0.000000E+00,  0.000000E+00
  6.390000E+03,  1.508691E-11,  0.000000E+00,  0.000000E+00,  0.000000E+00
  6.410000E+03,  1.471579E-11,  0.000000E+00,  0.000000E+00,  0.000000E+00
  6.430000E+03,  1.478701E-11,  0.000000E+00,  0.000000E+00,  0.000000E+00
  6.450000E+03,  1.445578E-11,  0.000000E+00,  0.000000E+00,  0.000000E+00
  6.470000E+03,  1.443090E-11,  0.000000E+00,  0.000000E+00,  0.000000E+00
  6.490000E+03,  1.425947E-11,  0.000000E+00,  0.000000E+00,  0.000000E+00
  6.510000E+03,  1.483815E-11,  0.000000E+00,  0.000000E+00,  0.000000E+00
  6.530000E+03,  1.505968E-11,  0.000000E+00,  0.000000E+00,  0.000000E+00
  6.550000E+03,  1.476766E-11,  0.000000E+00,  0.000000E+00,  0.000000E+00
  6.570000E+03,  1.446057E-11,  0.000000E+00,  0.000000E+00,  0.000000E+00
  6.590000E+03,  1.479794E-11,  0.000000E+00,  0.000000E+00,  0.000000E+00
  6.610000E+03,  1.490614E-11,  0.000000E+00,  0.000000E+00,  0.000000E+00
  6.630000E+03,  1.486701E-11,  0.000000E+00,  0.000000E+00,  0.000000E+00
  6.650000E+03,  1.483432E-11,  0.000000E+00,  0.000000E+00,  0.000000E+00
  6.670000E+03,  1.460598E-11,  0.000000E+00,  0.000000E+00,  0.000000E+00
  6.690000E+03,  1.487827E-11,  0.000000E+00,  0.000000E+00,  0.000000E+00
  6.710000E+03,  1.443555E-11,  0.000000E+00,  0.000000E+00,  0.000000E+00
  6.730000E+03,  1.487566E-11,  0.000000E+00,  0.000000E+00,  0.000000E+00
  6.750000E+03,  1.459482E-11,  0.000000E+00,  0.000000E+00,  0.000000E+00
  6.770000E+03,  1.470400E-11,  0.000000E+00,  0.000000E+00,  0.000000E+00
  6.790000E+03,  1.459694E-11,  0.000000E+00,  0.000000E+00,  0.000000E+00
  6.810000E+03,  1.456373E-11,  0.000000E+00,  0.000000E+00,  0.000000E+00
  6.830000E+03,  1.474343E-11,  0.000000E+00,  0.000000E+00,  0.000000E+00
  6.850000E+03,  1.439279E-11,  0.000000E+00,  0.000000E+00,  0.000000E+00
  6.870000E+03,  1.448470E-11,  0.000000E+00,  0.000000E+00,  0.000000E+00
  6.890000E+03,  1.453887E-11,  0.000000E+00,  0.000000E+00,  0.000000E+00
  6.910000E+03,  1.448848E-11,  0.000000E+00,  0.000000E+00,  0.000000E+00
  6.930000E+03,  1.437623E-11,  0.000000E+00,  0.000000E+00,  0.000000E+00
  6.950000E+03,  1.432364E-11,  0.000000E+00,  0.000000E+00,  0.000000E+00
  6.970000E+03,  1.443278E-11,  0.000000E+00,  0.000000E+00,  0.000000E+00
  6.990000E+03,  1.419191E-11,  0.000000E+00,  0.000000E+00,  0.000000E+00
  7.010000E+03,  1.404481E-11,  0.000000E+00,  0.000000E+00,  0.000000E+00
  7.030000E+03,  1.422488E-11,  0.000000E+00,  0.000000E+00,  0.000000E+00
  7.050000E+03,  1.428125E-11,  0.000000E+00,  0.000000E+00,  0.000000E+00
  7.070000E+03,  1.405323E-11,  0.000000E+00,  0.000000E+00,  0.000000E+00
  7.090000E+03,  1.399675E-11,  0.000000E+00,  0.000000E+00,  0.000000E+00
  7.110000E+03,  1.406332E-11,  0.000000E+00,  0.000000E+00,  0.000000E+00
  7.130000E+03,  1.381464E-11,  0.000000E+00,  0.000000E+00,  0.000000E+00
  7.150000E+03,  1.352418E-11,  0.000000E+00,  0.000000E+00,  0.000000E+00
  7.170000E+03,  1.385968E-11,  0.000000E+00,  0.000000E+00,  0.000000E+00
  7.190000E+03,  1.342978E-11,  0.000000E+00,  0.000000E+00,  0.000000E+00
  7.210000E+03,  1.354431E-11,  0.000000E+00,  0.000000E+00,  0.000000E+00
  7.230000E+03,  1.388640E-11,  0.000000E+00,  0.000000E+00,  0.000000E+00
  7.250000E+03,  1.376851E-11,  0.000000E+00,  0.000000E+00,  0.000000E+00
  7.270000E+03,  1.382180E-11,  0.000000E+00,  0.000000E+00,  0.000000E+00
  7.290000E+03,  1.358402E-11,  0.000000E+00,  0.000000E+00,  0.000000E+00
  7.310000E+03,  1.368909E-11,  0.000000E+00,  0.000000E+00,  0.000000E+00
  7.330000E+03,  1.350846E-11,  0.000000E+00,  0.000000E+00,  0.000000E+00
  7.350000E+03,  1.352945E-11,  0.000000E+00,  0.000000E+00,  0.000000E+00
  7.370000E+03,  1.369701E-11,  0.000000E+00,  0.000000E+00,  0.000000E+00
  7.390000E+03,  1.346624E-11,  0.000000E+00,  0.000000E+00,  0.000000E+00
  7.410000E+03,  1.332260E-11,  0.000000E+00,  0.000000E+00,  0.000000E+00
  7.430000E+03,  1.349795E-11,  0.000000E+00,  0.000000E+00,  0.000000E+00
  7.450000E+03,  1.342446E-11,  0.000000E+00,  0.000000E+00,  0.000000E+00
  7.470000E+03,  1.350673E-11,  0.000000E+00,  0.000000E+00,  0.000000E+00
  7.490000E+03,  1.341411E-11,  0.000000E+00,  0.000000E+00,  0.000000E+00
  7.510000E+03,  1.347860E-11,  0.000000E+00,  0.000000E+00,  0.000000E+00
  7.530000E+03,  1.353710E-11,  0.000000E+00,  0.000000E+00,  0.000000E+00
  7.550000E+03,  1.355975E-11,  0.000000E+00,  0.000000E+00,  0.000000E+00
  7.570000E+03,  1.344849E-11,  0.000000E+00,  0.000000E+00,  0.000000E+00
  7.590000E+03,  1.336751E-11,  0.000000E+00,  0.000000E+00,  0.000000E+00
  7.610000E+03,  1.333836E-11,  0.000000E+00,  0.000000E+00,  0.000000E+00
  7.630000E+03,  1.340254E-11,  0.000000E+00,  0.000000E+00,  0.000000E+00
  7.650000E+03,  1.336824E-11,  0.000000E+00,  0.000000E+00,  0.000000E+00
  7.670000E+03,  1.282544E-11,  0.000000E+00,  0.000000E+00,  0.000000E+00
  7.690000E+03,  1.329865E-11,  0.000000E+00,  0.000000E+00,  0.000000E+00
  7.710000E+03,  1.302158E-11,  0.000000E+00,  0.000000E+00,  0.000000E+00
  7.730000E+03,  1.314642E-11,  0.000000E+00,  0.000000E+00,  0.000000E+00
  7.750000E+03,  1.297981E-11,  0.000000E+00,  0.000000E+00,  0.000000E+00
  7.770000E+03,  1.327347E-11,  0.000000E+00,  0.000000E+00,  0.000000E+00
  7.790000E+03,  1.317614E-11,  0.000000E+00,  0.000000E+00,  0.000000E+00
  7.810000E+03,  1.315278E-11,  0.000000E+00,  0.000000E+00,  0.000000E+00
  7.830000E+03,  1.294995E-11,  0.000000E+00,  0.000000E+00,  0.000000E+00
  7.850000E+03,  1.297592E-11,  0.000000E+00,  0.000000E+00,  0.000000E+00
  7.870000E+03,  1.309704E-11,  0.000000E+00,  0.000000E+00,  0.000000E+00
  7.890000E+03,  1.295684E-11,  0.000000E+00,  0.000000E+00,  0.000000E+00
  7.910000E+03,  1.274651E-11,  0.000000E+00,  0.000000E+00,  0.000000E+00
  7.930000E+03,  1.260083E-11,  0.000000E+00,  0.000000E+00,  0.000000E+00
  7.950000E+03,  1.245214E-11,  0.000000E+00,  0.000000E+00,  0.000000E+00
  7.970000E+03,  1.280687E-11,  0.000000E+00,  0.000000E+00,  0.000000E+00
  7.990000E+03,  1.270403E-11,  0.000000E+00,  0.000000E+00,  0.000000E+00
  8.010000E+03,  1.262124E-11,  0.000000E+00,  0.000000E+00,  0.000000E+00
  8.030000E+03,  1.262877E-11,  0.000000E+00,  0.000000E+00,  0.000000E+00
  8.050000E+03,  1.250559E-11,  0.000000E+00,  0.000000E+00,  0.000000E+00
  8.070000E+03,  1.251172E-11,  0.000000E+00,  0.000000E+00,  0.000000E+00
  8.090000E+03,  1.233549E-11,  0.000000E+00,  0.000000E+00,  0.000000E+00
  8.110000E+03,  1.239078E-11,  0.000000E+00,  0.000000E+00,  0.000000E+00
  8.130000E+03,  1.249846E-11,  0.000000E+00,  0.000000E+00,  0.000000E+00
  8.150000E+03,  1.245820E-11,  0.000000E+00,  0.000000E+00,  0.000000E+00
  8.170000E+03,  1.241753E-11,  0.000000E+00,  0.000000E+00,  0.000000E+00
  8.190000E+03,  1.178179E-11,  0.000000E+00,  0.000000E+00,  0.000000E+00
  8.210000E+03,  1.208387E-11,  0.000000E+00,  0.000000E+00,  0.000000E+00
  8.230000E+03,  1.213670E-11,  0.000000E+00,  0.000000E+00,  0.000000E+00
  8.250000E+03,  1.221165E-11,  0.000000E+00,  0.000000E+00,  0.000000E+00
  8.270000E+03,  1.233482E-11,  0.000000E+00,  0.000000E+00,  0.000000E+00
  8.290000E+03,  1.225187E-11,  0.000000E+00,  0.000000E+00,  0.000000E+00
  8.310000E+03,  1.198442E-11,  0.000000E+00,  0.000000E+00,  0.000000E+00
  8.330000E+03,  1.178526E-11,  0.000000E+00,  0.000000E+00,  0.000000E+00
  8.350000E+03,  1.193660E-11,  0.000000E+00,  0.000000E+00,  0.000000E+00
  8.370000E+03,  1.196778E-11,  0.000000E+00,  0.000000E+00,  0.000000E+00
  8.390000E+03,  1.137575E-11,  0.000000E+00,  0.000000E+00,  0.000000E+00
  8.410000E+03,  1.193656E-11,  0.000000E+00,  0.000000E+00,  0.000000E+00
  8.430000E+03,  1.155631E-11,  0.000000E+00,  0.000000E+00,  0.000000E+00
  8.450000E+03,  1.185403E-11,  0.000000E+00,  0.000000E+00,  0.000000E+00
  8.470000E+03,  1.174550E-11,  0.000000E+00,  0.000000E+00,  0.000000E+00
  8.490000E+03,  1.167663E-11,  0.000000E+00,  0.000000E+00,  0.000000E+00
  8.510000E+03,  1.113199E-11,  0.000000E+00,  0.000000E+00,  0.000000E+00
  8.530000E+03,  1.151442E-11,  0.000000E+00,  0.000000E+00,  0.000000E+00
  8.550000E+03,  9.918854E-12,  0.000000E+00,  0.000000E+00,  0.000000E+00
  8.570000E+03,  1.179054E-11,  0.000000E+00,  0.000000E+00,  0.000000E+00
  8.590000E+03,  1.165103E-11,  0.000000E+00,  0.000000E+00,  0.000000E+00
  8.610000E+03,  1.160380E-11,  0.000000E+00,  0.000000E+00,  0.000000E+00
  8.630000E+03,  1.165448E-11,  0.000000E+00,  0.000000E+00,  0.000000E+00
  8.650000E+03,  1.157217E-11,  0.000000E+00,  0.000000E+00,  0.000000E+00
  8.670000E+03,  9.932181E-12,  0.000000E+00,  0.000000E+00,  0.000000E+00
  8.690000E+03,  1.102355E-11,  0.000000E+00,  0.000000E+00,  0.000000E+00
  8.710000E+03,  1.147879E-11,  0.000000E+00,  0.000000E+00,  0.000000E+00
  8.730000E+03,  1.144796E-11,  0.000000E+00,  0.000000E+00,  0.000000E+00
  8.750000E+03,  1.142348E-11,  0.000000E+00,  0.000000E+00,  0.000000E+00
  8.770000E+03,  1.141353E-11,  0.000000E+00,  0.000000E+00,  0.000000E+00
  8.790000E+03,  1.141147E-11,  0.000000E+00,  0.000000E+00,  0.000000E+00
  8.810000E+03,  1.096216E-11,  0.000000E+00,  0.000000E+00,  0.000000E+00
  8.830000E+03,  1.114845E-11,  0.000000E+00,  0.000000E+00,  0.000000E+00
  8.850000E+03,  1.132397E-11,  0.000000E+00,  0.000000E+00,  0.000000E+00
  8.870000E+03,  1.117214E-11,  0.000000E+00,  0.000000E+00,  0.000000E+00
  8.890000E+03,  1.136185E-11,  0.000000E+00,  0.000000E+00,  0.000000E+00
  8.910000E+03,  1.136377E-11,  0.000000E+00,  0.000000E+00,  0.000000E+00
  8.930000E+03,  1.115743E-11,  0.000000E+00,  0.000000E+00,  0.000000E+00
  8.950000E+03,  1.107934E-11,  0.000000E+00,  0.000000E+00,  0.000000E+00
  8.970000E+03,  1.111462E-11,  0.000000E+00,  0.000000E+00,  0.000000E+00
  8.990000E+03,  1.115510E-11,  0.000000E+00,  0.000000E+00,  0.000000E+00
  9.010000E+03,  1.066805E-11,  0.000000E+00,  0.000000E+00,  0.000000E+00
  9.030000E+03,  1.098732E-11,  0.000000E+00,  0.000000E+00,  0.000000E+00
  9.050000E+03,  1.116603E-11,  0.000000E+00,  0.000000E+00,  0.000000E+00
  9.070000E+03,  1.109725E-11,  0.000000E+00,  0.000000E+00,  0.000000E+00
  9.090000E+03,  1.074122E-11,  0.000000E+00,  0.000000E+00,  0.000000E+00
  9.110000E+03,  1.077978E-11,  0.000000E+00,  0.000000E+00,  0.000000E+00
  9.130000E+03,  1.094018E-11,  0.000000E+00,  0.000000E+00,  0.000000E+00
  9.150000E+03,  1.074098E-11,  0.000000E+00,  0.000000E+00,  0.000000E+00
  9.170000E+03,  1.063907E-11,  0.000000E+00,  0.000000E+00,  0.000000E+00
  9.190000E+03,  1.068380E-11,  0.000000E+00,  0.000000E+00,  0.000000E+00
  9.210000E+03,  1.047192E-11,  0.000000E+00,  0.000000E+00,  0.000000E+00
  9.230000E+03,  1.054976E-11,  0.000000E+00,  0.000000E+00,  0.000000E+00
  9.250000E+03,  1.039577E-11,  0.000000E+00,  0.000000E+00,  0.000000E+00
  9.270000E+03,  1.049286E-11,  0.000000E+00,  0.000000E+00,  0.000000E+00
  9.290000E+03,  1.040910E-11,  0.000000E+00,  0.000000E+00,  0.000000E+00
  9.310000E+03,  1.055687E-11,  0.000000E+00,  0.000000E+00,  0.000000E+00
  9.330000E+03,  1.052418E-11,  0.000000E+00,  0.000000E+00,  0.000000E+00
  9.350000E+03,  1.044781E-11,  0.000000E+00,  0.000000E+00,  0.000000E+00
  9.370000E+03,  1.033766E-11,  0.000000E+00,  0.000000E+00,  0.000000E+00
  9.390000E+03,  1.037586E-11,  0.000000E+00,  0.000000E+00,  0.000000E+00
  9.410000E+03,  1.009955E-11,  0.000000E+00,  0.000000E+00,  0.000000E+00
  9.430000E+03,  1.027414E-11,  0.000000E+00,  0.000000E+00,  0.000000E+00
  9.450000E+03,  1.006917E-11,  0.000000E+00,  0.000000E+00,  0.000000E+00
  9.470000E+03,  1.027259E-11,  0.000000E+00,  0.000000E+00,  0.000000E+00
  9.490000E+03,  1.027183E-11,  0.000000E+00,  0.000000E+00,  0.000000E+00
  9.510000E+03,  1.025765E-11,  0.000000E+00,  0.000000E+00,  0.000000E+00
  9.530000E+03,  1.017599E-11,  0.000000E+00,  0.000000E+00,  0.000000E+00
  9.550000E+03,  1.005873E-11,  0.000000E+00,  0.000000E+00,  0.000000E+00
  9.570000E+03,  1.006749E-11,  0.000000E+00,  0.000000E+00,  0.000000E+00
  9.590000E+03,  1.018714E-11,  0.000000E+00,  0.000000E+00,  0.000000E+00
  9.610000E+03,  1.005071E-11,  1.005071E-14,  0.000000E+00,  0.000000E+00
  9.630000E+03,  1.005908E-11,  3.017725E-14,  0.000000E+00,  0.000000E+00
  9.650000E+03,  9.783913E-12,  4.891957E-14,  0.000000E+00,  0.000000E+00
  9.670000E+03,  9.800697E-12,  6.860488E-14,  0.000000E+00,  0.000000E+00
  9.690000E+03,  9.970604E-12,  8.973544E-14,  0.000000E+00,  0.000000E+00
  9.710000E+03,  9.873595E-12,  1.086095E-13,  0.000000E+00,  0.000000E+00
  9.730000E+03,  9.789114E-12,  1.272585E-13,  0.000000E+00,  0.000000E+00
  9.750000E+03,  9.784796E-12,  1.467719E-13,  0.000000E+00,  0.000000E+00
  9.770000E+03,  9.827102E-12,  1.670607E-13,  0.000000E+00,  0.000000E+00
  9.790000E+03,  9.618842E-12,  1.827580E-13,  0.000000E+00,  0.000000E+00
  9.810000E+03,  9.884524E-12,  2.026327E-13,  0.000000E+00,  0.000000E+00
  9.830000E+03,  9.782855E-12,  2.103314E-13,  0.000000E+00,  0.000000E+00
  9.850000E+03,  9.866144E-12,  2.219882E-13,  0.000000E+00,  0.000000E+00
  9.870000E+03,  9.795003E-12,  2.301826E-13,  0.000000E+00,  0.000000E+00
  9.890000E+03,  9.788660E-12,  2.398222E-13,  0.000000E+00,  0.000000E+00
  9.910000E+03,  9.742246E-12,  2.484273E-13,  0.000000E+00,  0.000000E+00
  9.930000E+03,  9.763146E-12,  2.587234E-13,  0.000000E+00,  0.000000E+00
  9.950000E+03,  9.725965E-12,  2.674641E-13,  0.000000E+00,  0.000000E+00
  9.970000E+03,  9.723588E-12,  2.771223E-13,  0.000000E+00,  0.000000E+00
  9.990000E+03,  9.695801E-12,  2.860261E-13,  0.000000E+00,  0.000000E+00
  1.002500E+04,  9.620244E-12,  3.246832E-13,  0.000000E+00,  0.000000E+00
  1.007500E+04,  9.529927E-12,  3.931095E-13,  0.000000E+00,  0.000000E+00
  1.012500E+04,  9.503285E-12,  4.632851E-13,  0.000000E+00,  0.000000E+00
  1.017500E+04,  9.387500E-12,  5.280469E-13,  0.000000E+00,  0.000000E+00
  1.022500E+04,  9.343763E-12,  6.774228E-13,  0.000000E+00,  0.000000E+00
  1.027500E+04,  9.337269E-12,  9.103837E-13,  0.000000E+00,  0.000000E+00
  1.032500E+04,  9.168605E-12,  1.123154E-12,  0.000000E+00,  0.000000E+00
  1.037500E+04,  9.114431E-12,  1.344379E-12,  0.000000E+00,  0.000000E+00
  1.042500E+04,  9.134555E-12,  1.678474E-12,  0.000000E+00,  0.000000E+00
  1.047500E+04,  9.018033E-12,  2.085420E-12,  0.000000E+00,  0.000000E+00
  1.052500E+04,  9.014195E-12,  2.512707E-12,  0.000000E+00,  0.000000E+00
  1.057500E+04,  8.888801E-12,  2.899971E-12,  0.000000E+00,  0.000000E+00
  1.062500E+04,  8.844165E-12,  3.393948E-12,  0.000000E+00,  0.000000E+00
  1.067500E+04,  8.707427E-12,  3.929227E-12,  0.000000E+00,  0.000000E+00
  1.072500E+04,  8.698694E-12,  4.512448E-12,  0.000000E+00,  0.000000E+00
  1.077500E+04,  8.595875E-12,  5.039332E-12,  0.000000E+00,  0.000000E+00
  1.082500E+04,  8.404305E-12,  5.536336E-12,  0.000000E+00,  0.000000E+00
  1.087500E+04,  8.428093E-12,  6.205183E-12,  0.000000E+00,  0.000000E+00
  1.092500E+04,  8.409331E-12,  6.843093E-12,  0.000000E+00,  0.000000E+00
  1.097500E+04,  8.119662E-12,  7.236649E-12,  0.000000E+00,  0.000000E+00
  1.102500E+04,  8.100957E-12,  7.452880E-12,  0.000000E+00,  0.000000E+00
  1.107500E+04,  8.130035E-12,  7.317031E-12,  0.000000E+00,  0.000000E+00
  1.112500E+04,  8.062572E-12,  7.095064E-12,  0.000000E+00,  0.000000E+00
  1.117500E+04,  8.037563E-12,  6.912304E-12,  0.000000E+00,  0.000000E+00
  1.122500E+04,  8.025842E-12,  6.751740E-12,  0.000000E+00,  0.000000E+00
  1.127500E+04,  7.861432E-12,  6.475854E-12,  0.000000E+00,  0.000000E+00
  1.132500E+04,  7.912183E-12,  6.379198E-12,  0.000000E+00,  0.000000E+00
  1.137500E+04,  7.775447E-12,  6.132884E-12,  0.000000E+00,  0.000000E+00
  1.142500E+04,  7.711451E-12,  6.014932E-12,  0.000000E+00,  0.000000E+00
  1.147500E+04,  7.810319E-12,  6.092049E-12,  0.000000E+00,  0.000000E+00
  1.152500E+04,  7.801391E-12,  6.085085E-12,  0.000000E+00,  0.000000E+00
  1.157500E+04,  7.695486E-12,  6.002479E-12,  0.000000E+00,  0.000000E+00
  1.162500E+04,  7.554772E-12,  5.911609E-12,  0.000000E+00,  0.000000E+00
  1.167500E+04,  7.580799E-12,  5.969879E-12,  0.000000E+00,  0.000000E+00
  1.172500E+04,  7.645756E-12,  6.059262E-12,  0.000000E+00,  0.000000E+00
  1.177500E+04,  7.483883E-12,  5.968397E-12,  0.000000E+00,  0.000000E+00
  1.182500E+04,  7.370781E-12,  5.942693E-12,  0.000000E+00,  0.000000E+00
  1.187500E+04,  7.327719E-12,  5.999570E-12,  0.000000E+00,  0.000000E+00
  1.192500E+04,  7.470731E-12,  6.210045E-12,  0.000000E+00,  0.000000E+00
  1.197500E+04,  7.124016E-12,  6.010888E-12,  0.000000E+00,  0.000000E+00
  1.202500E+04,  7.282271E-12,  6.262753E-12,  0.000000E+00,  0.000000E+00
  1.207500E+04,  7.180790E-12,  6.319095E-12,  0.000000E+00,  0.000000E+00
  1.212500E+04,  7.246209E-12,  6.521588E-12,  0.000000E+00,  0.000000E+00
  1.217500E+04,  7.252786E-12,  6.672563E-12,  0.000000E+00,  0.000000E+00
  1.222500E+04,  7.208503E-12,  6.541716E-12,  0.000000E+00,  0.000000E+00
  1.227500E+04,  7.138102E-12,  6.156613E-12,  0.000000E+00,  0.000000E+00
  1.232500E+04,  7.107099E-12,  5.810053E-12,  0.000000E+00,  0.000000E+00
  1.237500E+04,  7.074929E-12,  5.465383E-12,  0.000000E+00,  0.000000E+00
  1.242500E+04,  6.996310E-12,  5.151034E-12,  0.000000E+00,  0.000000E+00
  1.247500E+04,  7.006792E-12,  4.966064E-12,  0.000000E+00,  0.000000E+00
  1.252500E+04,  6.928663E-12,  4.720151E-12,  0.000000E+00,  0.000000E+00
  1.257500E+04,  6.922724E-12,  4.525731E-12,  0.000000E+00,  0.000000E+00
  1.262500E+04,  6.872189E-12,  4.389611E-12,  0.000000E+00,  0.000000E+00
  1.267500E+04,  6.797510E-12,  4.324916E-12,  0.000000E+00,  0.000000E+00
  1.272500E+04,  6.806794E-12,  4.313806E-12,  0.000000E+00,  0.000000E+00
  1.277500E+04,  6.792220E-12,  4.287589E-12,  0.000000E+00,  0.000000E+00
  1.282500E+04,  6.580384E-12,  4.145642E-12,  0.000000E+00,  0.000000E+00
  1.287500E+04,  6.664011E-12,  4.198327E-12,  0.000000E+00,  0.000000E+00
  1.292500E+04,  6.570042E-12,  4.139126E-12,  0.000000E+00,  0.000000E+00
  1.297500E+04,  6.629670E-12,  4.176692E-12,  0.000000E+00,  0.000000E+00
  1.302500E+04,  6.566371E-12,  4.161438E-12,  0.000000E+00,  0.000000E+00
  1.307500E+04,  6.573893E-12,  4.215509E-12,  0.000000E+00,  0.000000E+00
  1.312500E+04,  6.390250E-12,  4.145675E-12,  0.000000E+00,  0.000000E+00
  1.317500E+04,  6.398267E-12,  4.198863E-12,  0.000000E+00,  0.000000E+00
  1.322500E+04,  6.456145E-12,  4.277196E-12,  0.000000E+00,  0.000000E+00
  1.327500E+04,  6.349825E-12,  4.238508E-12,  0.000000E+00,  0.000000E+00
  1.332500E+04,  6.353232E-12,  4.272549E-12,  0.000000E+00,  0.000000E+00
  1.337500E+04,  6.342009E-12,  4.296711E-12,  0.000000E+00,  0.000000E+00
  1.342500E+04,  6.349744E-12,  4.333700E-12,  0.000000E+00,  0.000000E+00
  1.347500E+04,  6.312718E-12,  4.339993E-12,  0.000000E+00,  0.000000E+00
  1.352500E+04,  6.288448E-12,  4.354750E-12,  0.000000E+00,  0.000000E+00
  1.357500E+04,  6.193395E-12,  4.319893E-12,  0.000000E+00,  0.000000E+00
  1.362500E+04,  6.155712E-12,  4.308998E-12,  0.000000E+00,  0.000000E+00
  1.367500E+04,  6.176248E-12,  4.323374E-12,  0.000000E+00,  0.000000E+00
  1.372500E+04,  6.181416E-12,  4.326991E-12,  0.000000E+00,  0.000000E+00
  1.377500E+04,  6.131005E-12,  4.291703E-12,  0.000000E+00,  0.000000E+00
  1.382500E+04,  6.125093E-12,  4.256940E-12,  0.000000E+00,  0.000000E+00
  1.387500E+04,  6.053206E-12,  4.146446E-12,  0.000000E+00,  0.000000E+00
  1.392500E+04,  6.019271E-12,  4.063008E-12,  0.000000E+00,  0.000000E+00
  1.397500E+04,  6.014101E-12,  3.999377E-12,  0.000000E+00,  0.000000E+00
  1.402500E+04,  5.937520E-12,  3.874232E-12,  0.000000E+00,  0.000000E+00
  1.407500E+04,  5.946650E-12,  3.790990E-12,  0.000000E+00,  0.000000E+00
  1.412500E+04,  5.836862E-12,  3.633447E-12,  0.000000E+00,  0.000000E+00
  1.417500E+04,  5.864658E-12,  3.562780E-12,  0.000000E+00,  0.000000E+00
  1.422500E+04,  5.764470E-12,  3.357804E-12,  0.000000E+00,  0.000000E+00
  1.427500E+04,  5.614155E-12,  3.073750E-12,  0.000000E+00,  0.000000E+00
  1.432500E+04,  5.769512E-12,  2.956875E-12,  0.000000E+00,  0.000000E+00
  1.437500E+04,  5.782545E-12,  2.761165E-12,  0.000000E+00,  0.000000E+00
  1.442500E+04,  5.634614E-12,  2.458100E-12,  0.000000E+00,  0.000000E+00
  1.447500E+04,  5.748990E-12,  2.234920E-12,  0.000000E+00,  0.000000E+00
  1.452500E+04,  5.635655E-12,  1.923167E-12,  0.000000E+00,  0.000000E+00
  1.457000E+04,  5.625277E-12,  1.679145E-12,  0.000000E+00,  0.000000E+00
  1.462000E+04,  5.602461E-12,  1.439832E-12,  0.000000E+00,  0.000000E+00
  1.467500E+04,  5.577469E-12,  1.234015E-12,  0.000000E+00,  0.000000E+00
  1.472500E+04,  5.503708E-12,  1.038825E-12,  0.000000E+00,  0.000000E+00
  1.477500E+04,  5.518899E-12,  8.623279E-13,  0.000000E+00,  0.000000E+00
  1.482500E+04,  5.521412E-12,  7.384888E-13,  0.000000E+00,  0.000000E+00
  1.487500E+04,  5.328446E-12,  6.460741E-13,  0.000000E+00,  0.000000E+00
  1.492500E+04,  5.558409E-12,  6.044770E-13,  0.000000E+00,  0.000000E+00
  1.497500E+04,  5.498684E-12,  5.292484E-13,  0.000000E+00,  0.000000E+00
  1.502500E+04,  5.137498E-12,  4.431092E-13,  0.000000E+00,  0.000000E+00
  1.507500E+04,  5.286946E-12,  4.163470E-13,  0.000000E+00,  0.000000E+00
  1.512500E+04,  5.434566E-12,  3.872128E-13,  0.000000E+00,  0.000000E+00
  1.517500E+04,  5.441826E-12,  3.469164E-13,  0.000000E+00,  0.000000E+00
  1.522500E+04,  5.385680E-12,  2.962124E-13,  0.000000E+00,  0.000000E+00
  1.527500E+04,  5.392651E-12,  2.426693E-13,  0.000000E+00,  0.000000E+00
  1.532500E+04,  5.388686E-12,  1.886040E-13,  0.000000E+00,  0.000000E+00
  1.537500E+04,  5.369686E-12,  1.342421E-13,  0.000000E+00,  0.000000E+00
  1.542500E+04,  5.362537E-12,  9.384440E-14,  0.000000E+00,  0.000000E+00
  1.547500E+04,  5.382823E-12,  6.728528E-14,  0.000000E+00,  0.000000E+00
  1.552500E+04,  5.284566E-12,  3.963424E-14,  0.000000E+00,  0.000000E+00
  1.557500E+04,  5.274546E-12,  1.318636E-14,  0.000000E+00,  0.000000E+00
  1.562500E+04,  5.317809E-12,  0.000000E+00,  0.000000E+00,  0.000000E+00
  1.567500E+04,  5.210702E-12,  0.000000E+00,  0.000000E+00,  0.000000E+00
  1.572500E+04,  5.191464E-12,  0.000000E+00,  0.000000E+00,  0.000000E+00
  1.577500E+04,  4.920125E-12,  0.000000E+00,  0.000000E+00,  0.000000E+00
  1.582500E+04,  5.131322E-12,  0.000000E+00,  0.000000E+00,  0.000000E+00
  1.587500E+04,  4.976398E-12,  0.000000E+00,  0.000000E+00,  0.000000E+00
  1.592500E+04,  5.090271E-12,  0.000000E+00,  0.000000E+00,  0.000000E+00
  1.597500E+04,  5.092782E-12,  0.000000E+00,  0.000000E+00,  0.000000E+00
  1.605000E+04,  5.070033E-12,  0.000000E+00,  0.000000E+00,  0.000000E+00
  1.615000E+04,  4.981429E-12,  0.000000E+00,  0.000000E+00,  0.000000E+00
  1.625000E+04,  4.954086E-12,  0.000000E+00,  0.000000E+00,  0.000000E+00
  1.635000E+04,  4.896519E-12,  0.000000E+00,  0.000000E+00,  0.000000E+00
  1.645000E+04,  4.799778E-12,  0.000000E+00,  0.000000E+00,  0.000000E+00
  1.655000E+04,  4.781443E-12,  0.000000E+00,  0.000000E+00,  0.000000E+00
  1.665000E+04,  4.671058E-12,  0.000000E+00,  0.000000E+00,  0.000000E+00
  1.675000E+04,  4.520123E-12,  0.000000E+00,  0.000000E+00,  0.000000E+00
  1.685000E+04,  4.458574E-12,  0.000000E+00,  0.000000E+00,  0.000000E+00
  1.695000E+04,  4.449032E-12,  0.000000E+00,  0.000000E+00,  0.000000E+00
  1.705000E+04,  4.300635E-12,  0.000000E+00,  0.000000E+00,  0.000000E+00
  1.715000E+04,  4.184871E-12,  0.000000E+00,  0.000000E+00,  0.000000E+00
  1.725000E+04,  4.124484E-12,  0.000000E+00,  0.000000E+00,  0.000000E+00
  1.735000E+04,  4.016404E-12,  0.000000E+00,  0.000000E+00,  0.000000E+00
  1.745000E+04,  3.974025E-12,  0.000000E+00,  0.000000E+00,  0.000000E+00
  1.755000E+04,  3.918629E-12,  0.000000E+00,  0.000000E+00,  0.000000E+00
  1.765000E+04,  3.849637E-12,  0.000000E+00,  0.000000E+00,  0.000000E+00
  1.775000E+04,  3.761479E-12,  0.000000E+00,  0.000000E+00,  0.000000E+00
  1.785000E+04,  3.713550E-12,  0.000000E+00,  0.000000E+00,  0.000000E+00
  1.795000E+04,  3.650187E-12,  0.000000E+00,  0.000000E+00,  0.000000E+00
  1.805000E+04,  3.549226E-12,  0.000000E+00,  0.000000E+00,  0.000000E+00
  1.815000E+04,  3.484259E-12,  0.000000E+00,  0.000000E+00,  0.000000E+00
  1.825000E+04,  3.409184E-12,  0.000000E+00,  0.000000E+00,  0.000000E+00
  1.835000E+04,  3.350293E-12,  0.000000E+00,  0.000000E+00,  0.000000E+00
  1.845000E+04,  3.239680E-12,  0.000000E+00,  0.000000E+00,  0.000000E+00
  1.855000E+04,  3.228600E-12,  0.000000E+00,  0.000000E+00,  0.000000E+00
  1.865000E+04,  3.144382E-12,  0.000000E+00,  0.000000E+00,  0.000000E+00
  1.875000E+04,  3.047429E-12,  0.000000E+00,  0.000000E+00,  0.000000E+00
  1.885000E+04,  3.042139E-12,  0.000000E+00,  0.000000E+00,  0.000000E+00
  1.895000E+04,  2.914551E-12,  0.000000E+00,  0.000000E+00,  0.000000E+00
  1.905000E+04,  2.942027E-12,  0.000000E+00,  0.000000E+00,  0.000000E+00
  1.915000E+04,  2.877981E-12,  0.000000E+00,  0.000000E+00,  0.000000E+00
  1.925000E+04,  2.836061E-12,  0.000000E+00,  0.000000E+00,  0.000000E+00
  1.935000E+04,  2.743063E-12,  0.000000E+00,  0.000000E+00,  0.000000E+00
  1.945000E+04,  2.666182E-12,  0.000000E+00,  0.000000E+00,  0.000000E+00
  1.955000E+04,  2.672430E-12,  0.000000E+00,  0.000000E+00,  0.000000E+00
  1.965000E+04,  2.625647E-12,  0.000000E+00,  0.000000E+00,  0.000000E+00
  1.975000E+04,  2.528058E-12,  0.000000E+00,  0.000000E+00,  0.000000E+00
  1.985000E+04,  2.510344E-12,  0.000000E+00,  0.000000E+00,  0.000000E+00
  1.995000E+04,  2.474836E-12,  0.000000E+00,  0.000000E+00,  0.000000E+00
  2.005000E+04,  2.469271E-12,  0.000000E+00,  0.000000E+00,  0.000000E+00
  2.015000E+04,  2.434587E-12,  0.000000E+00,  0.000000E+00,  0.000000E+00
  2.025000E+04,  2.363665E-12,  0.000000E+00,  0.000000E+00,  0.000000E+00
  2.035000E+04,  2.319617E-12,  0.000000E+00,  0.000000E+00,  0.000000E+00
  2.045000E+04,  2.308327E-12,  0.000000E+00,  0.000000E+00,  0.000000E+00
  2.055000E+04,  2.255279E-12,  0.000000E+00,  0.000000E+00,  0.000000E+00
  2.065000E+04,  2.198217E-12,  0.000000E+00,  0.000000E+00,  0.000000E+00
  2.075000E+04,  2.179545E-12,  0.000000E+00,  0.000000E+00,  0.000000E+00
  2.085000E+04,  2.139211E-12,  0.000000E+00,  0.000000E+00,  0.000000E+00
  2.095000E+04,  2.082028E-12,  0.000000E+00,  0.000000E+00,  0.000000E+00
  2.105000E+04,  2.072153E-12,  0.000000E+00,  0.000000E+00,  0.000000E+00
  2.115000E+04,  2.030746E-12,  0.000000E+00,  0.000000E+00,  0.000000E+00
  2.125000E+04,  2.001225E-12,  0.000000E+00,  0.000000E+00,  0.000000E+00
  2.135000E+04,  1.973751E-12,  0.000000E+00,  0.000000E+00,  0.000000E+00
  2.145000E+04,  1.942673E-12,  0.000000E+00,  0.000000E+00,  0.000000E+00
  2.155000E+04,  1.911196E-12,  0.000000E+00,  0.000000E+00,  0.000000E+00
  2.165000E+04,  1.860714E-12,  0.000000E+00,  0.000000E+00,  0.000000E+00
  2.175000E+04,  1.831496E-12,  0.000000E+00,  0.000000E+00,  0.000000E+00
  2.185000E+04,  1.806683E-12,  0.000000E+00,  0.000000E+00,  0.000000E+00
  2.195000E+04,  1.787306E-12,  0.000000E+00,  0.000000E+00,  0.000000E+00
  2.205000E+04,  1.724007E-12,  0.000000E+00,  0.000000E+00,  0.000000E+00
  2.215000E+04,  1.736025E-12,  0.000000E+00,  0.000000E+00,  0.000000E+00
  2.225000E+04,  1.686936E-12,  0.000000E+00,  0.000000E+00,  0.000000E+00
  2.235000E+04,  1.665906E-12,  0.000000E+00,  0.000000E+00,  0.000000E+00
  2.245000E+04,  1.642572E-12,  0.000000E+00,  0.000000E+00,  0.000000E+00
  2.255000E+04,  1.620785E-12,  0.000000E+00,  0.000000E+00,  0.000000E+00
  2.265000E+04,  1.579826E-12,  0.000000E+00,  0.000000E+00,  0.000000E+00
  2.275000E+04,  1.573463E-12,  0.000000E+00,  0.000000E+00,  0.000000E+00
  2.285000E+04,  1.530033E-12,  0.000000E+00,  0.000000E+00,  0.000000E+00
  2.295000E+04,  1.416712E-12,  0.000000E+00,  0.000000E+00,  0.000000E+00
  2.305000E+04,  1.452034E-12,  0.000000E+00,  0.000000E+00,  0.000000E+00
  2.315000E+04,  1.437388E-12,  0.000000E+00,  0.000000E+00,  0.000000E+00
  2.325000E+04,  1.317233E-12,  0.000000E+00,  0.000000E+00,  0.000000E+00
  2.335000E+04,  1.349671E-12,  0.000000E+00,  0.000000E+00,  0.000000E+00
  2.345000E+04,  1.361159E-12,  0.000000E+00,  0.000000E+00,  0.000000E+00
  2.355000E+04,  1.241869E-12,  0.000000E+00,  0.000000E+00,  0.000000E+00
  2.365000E+04,  1.293792E-12,  0.000000E+00,  0.000000E+00,  0.000000E+00
  2.375000E+04,  1.280601E-12,  0.000000E+00,  0.000000E+00,  0.000000E+00
  2.385000E+04,  1.181203E-12,  0.000000E+00,  0.000000E+00,  0.000000E+00
  2.395000E+04,  1.223795E-12,  0.000000E+00,  0.000000E+00,  0.000000E+00
  2.405000E+04,  1.225088E-12,  0.000000E+00,  0.000000E+00,  0.000000E+00
  2.415000E+04,  1.141722E-12,  0.000000E+00,  0.000000E+00,  0.000000E+00
  2.425000E+04,  1.163943E-12,  0.000000E+00,  0.000000E+00,  0.000000E+00
  2.435000E+04,  1.165645E-12,  0.000000E+00,  0.000000E+00,  0.000000E+00
  2.445000E+04,  1.113265E-12,  0.000000E+00,  0.000000E+00,  0.000000E+00
  2.455000E+04,  1.092936E-12,  0.000000E+00,  0.000000E+00,  0.000000E+00
  2.465000E+04,  1.118221E-12,  0.000000E+00,  0.000000E+00,  0.000000E+00
  2.475000E+04,  1.080816E-12,  0.000000E+00,  0.000000E+00,  0.000000E+00
  2.485000E+04,  1.039012E-12,  0.000000E+00,  0.000000E+00,  0.000000E+00
  2.495000E+04,  1.064251E-12,  0.000000E+00,  0.000000E+00,  0.000000E+00
  2.505000E+04,  1.056996E-12,  0.000000E+00,  0.000000E+00,  0.000000E+00
  2.515000E+04,  1.012616E-12,  0.000000E+00,  0.000000E+00,  0.000000E+00
  2.525000E+04,  1.010588E-12,  0.000000E+00,  0.000000E+00,  0.000000E+00
  2.535000E+04,  1.008430E-12,  0.000000E+00,  0.000000E+00,  0.000000E+00
  2.545000E+04,  9.848919E-13,  0.000000E+00,  0.000000E+00,  0.000000E+00
  2.555000E+04,  9.762167E-13,  0.000000E+00,  0.000000E+00,  0.000000E+00
  2.565000E+04,  9.688203E-13,  0.000000E+00,  0.000000E+00,  0.000000E+00
  2.575000E+04,  9.657056E-13,  0.000000E+00,  0.000000E+00,  0.000000E+00
  2.585000E+04,  9.288624E-13,  0.000000E+00,  0.000000E+00,  0.000000E+00
  2.595000E+04,  9.330347E-13,  0.000000E+00,  0.000000E+00,  0.000000E+00
  2.605000E+04,  9.252821E-13,  0.000000E+00,  0.000000E+00,  0.000000E+00
  2.615000E+04,  9.147617E-13,  0.000000E+00,  0.000000E+00,  0.000000E+00
  2.625000E+04,  8.890674E-13,  0.000000E+00,  0.000000E+00,  0.000000E+00
  2.635000E+04,  8.855573E-13,  0.000000E+00,  0.000000E+00,  0.000000E+00
  2.645000E+04,  8.742639E-13,  0.000000E+00,  0.000000E+00,  0.000000E+00
  2.655000E+04,  8.524092E-13,  0.000000E+00,  0.000000E+00,  0.000000E+00
  2.665000E+04,  8.413329E-13,  0.000000E+00,  0.000000E+00,  0.000000E+00
  2.675000E+04,  8.487161E-13,  0.000000E+00,  0.000000E+00,  0.000000E+00
  2.685000E+04,  8.389507E-13,  0.000000E+00,  0.000000E+00,  0.000000E+00
  2.695000E+04,  8.238815E-13,  0.000000E+00,  0.000000E+00,  0.000000E+00
  2.705000E+04,  8.164914E-13,  0.000000E+00,  0.000000E+00,  0.000000E+00
  2.715000E+04,  8.061779E-13,  0.000000E+00,  0.000000E+00,  0.000000E+00
  2.725000E+04,  7.981092E-13,  0.000000E+00,  0.000000E+00,  0.000000E+00
  2.735000E+04,  7.865131E-13,  0.000000E+00,  0.000000E+00,  0.000000E+00
  2.745000E+04,  7.785792E-13,  0.000000E+00,  0.000000E+00,  0.000000E+00
  2.755000E+04,  7.693289E-13,  0.000000E+00,  0.000000E+00,  0.000000E+00
  2.765000E+04,  7.573801E-13,  0.000000E+00,  0.000000E+00,  0.000000E+00
  2.775000E+04,  7.478565E-13,  0.000000E+00,  0.000000E+00,  0.000000E+00
  2.785000E+04,  7.388233E-13,  0.000000E+00,  0.000000E+00,  0.000000E+00
  2.795000E+04,  7.259652E-13,  0.000000E+00,  0.000000E+00,  0.000000E+00
  2.805000E+04,  7.133258E-13,  0.000000E+00,  0.000000E+00,  0.000000E+00
  2.815000E+04,  7.082961E-13,  0.000000E+00,  0.000000E+00,  0.000000E+00
  2.825000E+04,  7.021638E-13,  0.000000E+00,  0.000000E+00,  0.000000E+00
  2.835000E+04,  6.957172E-13,  0.000000E+00,  0.000000E+00,  0.000000E+00
  2.845000E+04,  6.849497E-13,  0.000000E+00,  0.000000E+00,  0.000000E+00
  2.855000E+04,  6.759993E-13,  0.000000E+00,  0.000000E+00,  0.000000E+00
  2.865000E+04,  6.676649E-13,  0.000000E+00,  0.000000E+00,  0.000000E+00
  2.875000E+04,  6.604850E-13,  0.000000E+00,  0.000000E+00,  0.000000E+00
  2.885000E+04,  6.522198E-13,  0.000000E+00,  0.000000E+00,  0.000000E+00
  2.895000E+04,  6.444752E-13,  0.000000E+00,  0.000000E+00,  0.000000E+00
  2.905000E+04,  6.344159E-13,  0.000000E+00,  0.000000E+00,  0.000000E+00
  2.915000E+04,  6.293938E-13,  0.000000E+00,  0.000000E+00,  0.000000E+00
  2.925000E+04,  6.110567E-13,  0.000000E+00,  0.000000E+00,  0.000000E+00
  2.935000E+04,  6.088443E-13,  0.000000E+00,  0.000000E+00,  0.000000E+00
  2.945000E+04,  5.997942E-13,  0.000000E+00,  0.000000E+00,  0.000000E+00
  2.955000E+04,  5.963489E-13,  0.000000E+00,  0.000000E+00,  0.000000E+00
  2.965000E+04,  5.847683E-13,  0.000000E+00,  0.000000E+00,  0.000000E+00
  2.975000E+04,  5.818961E-13,  0.000000E+00,  0.000000E+00,  0.000000E+00
  2.985000E+04,  5.751337E-13,  0.000000E+00,  0.000000E+00,  0.000000E+00
  2.995000E+04,  5.668310E-13,  0.000000E+00,  0.000000E+00,  0.000000E+00
  3.005000E+04,  5.564706E-13,  0.000000E+00,  0.000000E+00,  0.000000E+00
  3.015000E+04,  5.549771E-13,  0.000000E+00,  0.000000E+00,  0.000000E+00
  3.025000E+04,  5.466391E-13,  0.000000E+00,  0.000000E+00,  0.000000E+00
  3.035000E+04,  5.403054E-13,  0.000000E+00,  0.000000E+00,  0.000000E+00
  3.045000E+04,  5.277537E-13,  0.000000E+00,  0.000000E+00,  0.000000E+00
  3.055000E+04,  5.283493E-13,  0.000000E+00,  0.000000E+00,  0.000000E+00
  3.065000E+04,  5.201864E-13,  0.000000E+00,  0.000000E+00,  0.000000E+00
  3.075000E+04,  5.151585E-13,  0.000000E+00,  0.000000E+00,  0.000000E+00
  3.085000E+04,  5.046366E-13,  0.000000E+00,  0.000000E+00,  0.000000E+00
  3.095000E+04,  4.996162E-13,  0.000000E+00,  0.000000E+00,  0.000000E+00
  3.105000E+04,  4.970392E-13,  0.000000E+00,  0.000000E+00,  0.000000E+00
  3.115000E+04,  4.841502E-13,  0.000000E+00,  0.000000E+00,  0.000000E+00
  3.125000E+04,  4.852662E-13,  0.000000E+00,  0.000000E+00,  0.000000E+00
  3.135000E+04,  4.731319E-13,  0.000000E+00,  0.000000E+00,  0.000000E+00
  3.145000E+04,  4.727029E-13,  0.000000E+00,  0.000000E+00,  0.000000E+00
  3.155000E+04,  4.654654E-13,  0.000000E+00,  0.000000E+00,  0.000000E+00
  3.165000E+04,  4.622284E-13,  0.000000E+00,  0.000000E+00,  0.000000E+00
  3.175000E+04,  4.547566E-13,  0.000000E+00,  0.000000E+00,  0.000000E+00
  3.185000E+04,  4.492666E-13,  0.000000E+00,  0.000000E+00,  0.000000E+00
  3.195000E+04,  4.448474E-13,  0.000000E+00,  0.000000E+00,  0.000000E+00
  3.210000E+04,  4.391856E-13,  0.000000E+00,  0.000000E+00,  0.000000E+00
  3.230000E+04,  4.247477E-13,  0.000000E+00,  0.000000E+00,  0.000000E+00
  3.250000E+04,  4.185364E-13,  0.000000E+00,  0.000000E+00,  0.000000E+00
  3.270000E+04,  4.083147E-13,  0.000000E+00,  0.000000E+00,  0.000000E+00
  3.290000E+04,  3.960842E-13,  0.000000E+00,  0.000000E+00,  0.000000E+00
  3.310000E+04,  3.896047E-13,  0.000000E+00,  0.000000E+00,  0.000000E+00
  3.330000E+04,  3.780651E-13,  0.000000E+00,  0.000000E+00,  0.000000E+00
  3.350000E+04,  3.722465E-13,  0.000000E+00,  0.000000E+00,  0.000000E+00
  3.370000E+04,  3.651015E-13,  0.000000E+00,  0.000000E+00,  0.000000E+00
  3.390000E+04,  3.525294E-13,  0.000000E+00,  0.000000E+00,  0.000000E+00
  3.410000E+04,  3.473671E-13,  0.000000E+00,  0.000000E+00,  0.000000E+00
  3.430000E+04,  3.422971E-13,  0.000000E+00,  0.000000E+00,  0.000000E+00
  3.450000E+04,  3.313879E-13,  0.000000E+00,  0.000000E+00,  0.000000E+00
  3.470000E+04,  3.267872E-13,  0.000000E+00,  0.000000E+00,  0.000000E+00
  3.490000E+04,  3.206039E-13,  0.000000E+00,  0.000000E+00,  0.000000E+00
  3.510000E+04,  3.117529E-13,  0.000000E+00,  0.000000E+00,  0.000000E+00
  3.530000E+04,  3.049303E-13,  0.000000E+00,  0.000000E+00,  0.000000E+00
  3.550000E+04,  3.003684E-13,  0.000000E+00,  0.000000E+00,  0.000000E+00
  3.570000E+04,  2.918596E-13,  0.000000E+00,  0.000000E+00,  0.000000E+00
  3.590000E+04,  2.859409E-13,  0.000000E+00,  0.000000E+00,  0.000000E+00
  3.610000E+04,  2.823439E-13,  0.000000E+00,  0.000000E+00,  0.000000E+00
  3.630000E+04,  2.747943E-13,  0.000000E+00,  0.000000E+00,  0.000000E+00
  3.650000E+04,  2.688111E-13,  0.000000E+00,  0.000000E+00,  0.000000E+00
  3.670000E+04,  2.631218E-13,  0.000000E+00,  0.000000E+00,  0.000000E+00
  3.690000E+04,  2.571529E-13,  0.000000E+00,  0.000000E+00,  0.000000E+00
  3.710000E+04,  2.511127E-13,  0.000000E+00,  0.000000E+00,  0.000000E+00
  3.730000E+04,  2.473476E-13,  0.000000E+00,  0.000000E+00,  0.000000E+00
  3.750000E+04,  2.422207E-13,  0.000000E+00,  0.000000E+00,  0.000000E+00
  3.770000E+04,  2.370585E-13,  0.000000E+00,  0.000000E+00,  0.000000E+00
  3.790000E+04,  2.337090E-13,  0.000000E+00,  0.000000E+00,  0.000000E+00
  3.810000E+04,  2.282251E-13,  0.000000E+00,  0.000000E+00,  0.000000E+00
  3.830000E+04,  2.245361E-13,  0.000000E+00,  0.000000E+00,  0.000000E+00
  3.850000E+04,  2.199667E-13,  0.000000E+00,  0.000000E+00,  0.000000E+00
  3.870000E+04,  2.155072E-13,  0.000000E+00,  0.000000E+00,  0.000000E+00
  3.890000E+04,  2.109350E-13,  0.000000E+00,  0.000000E+00,  0.000000E+00
  3.910000E+04,  2.076465E-13,  0.000000E+00,  0.000000E+00,  0.000000E+00
  3.930000E+04,  2.034465E-13,  0.000000E+00,  0.000000E+00,  0.000000E+00
  3.950000E+04,  1.994201E-13,  0.000000E+00,  0.000000E+00,  0.000000E+00
  3.970000E+04,  1.960476E-13,  0.000000E+00,  0.000000E+00,  0.000000E+00
  3.990000E+04,  1.900897E-13,  0.000000E+00,  0.000000E+00,  0.000000E+00
  4.010000E+04,  1.883122E-13,  0.000000E+00,  0.000000E+00,  0.000000E+00
  4.030000E+04,  1.850466E-13,  0.000000E+00,  0.000000E+00,  0.000000E+00
  4.050000E+04,  1.806740E-13,  0.000000E+00,  0.000000E+00,  0.000000E+00
  4.070000E+04,  1.771477E-13,  0.000000E+00,  0.000000E+00,  0.000000E+00
  4.090000E+04,  1.749384E-13,  0.000000E+00,  0.000000E+00,  0.000000E+00
  4.110000E+04,  1.712857E-13,  0.000000E+00,  0.000000E+00,  0.000000E+00
  4.130000E+04,  1.685441E-13,  0.000000E+00,  0.000000E+00,  0.000000E+00
  4.150000E+04,  1.652078E-13,  0.000000E+00,  0.000000E+00,  0.000000E+00
  4.170000E+04,  1.618891E-13,  0.000000E+00,  0.000000E+00,  0.000000E+00
  4.190000E+04,  1.590802E-13,  0.000000E+00,  0.000000E+00,  0.000000E+00
  4.210000E+04,  1.547311E-13,  0.000000E+00,  0.000000E+00,  0.000000E+00
  4.230000E+04,  1.540093E-13,  0.000000E+00,  0.000000E+00,  0.000000E+00
  4.250000E+04,  1.505889E-13,  0.000000E+00,  0.000000E+00,  0.000000E+00
  4.270000E+04,  1.482610E-13,  0.000000E+00,  0.000000E+00,  0.000000E+00
  4.290000E+04,  1.406252E-13,  0.000000E+00,  0.000000E+00,  0.000000E+00
  4.310000E+04,  1.337243E-13,  0.000000E+00,  0.000000E+00,  0.000000E+00
  4.330000E+04,  1.341297E-13,  0.000000E+00,  0.000000E+00,  0.000000E+00
  4.350000E+04,  1.269928E-13,  0.000000E+00,  0.000000E+00,  0.000000E+00
  4.370000E+04,  1.233589E-13,  0.000000E+00,  0.000000E+00,  0.000000E+00
  4.390000E+04,  1.216232E-13,  0.000000E+00,  0.000000E+00,  0.000000E+00
  4.410000E+04,  1.150314E-13,  0.000000E+00,  0.000000E+00,  0.000000E+00
  4.430000E+04,  1.140125E-13,  0.000000E+00,  0.000000E+00,  0.000000E+00
  4.450000E+04,  1.120897E-13,  0.000000E+00,  0.000000E+00,  0.000000E+00
  4.470000E+04,  1.069191E-13,  0.000000E+00,  0.000000E+00,  0.000000E+00
  4.490000E+04,  1.072161E-13,  0.000000E+00,  0.000000E+00,  0.000000E+00
  4.510000E+04,  1.043365E-13,  0.000000E+00,  0.000000E+00,  0.000000E+00
  4.530000E+04,  1.007043E-13,  0.000000E+00,  0.000000E+00,  0.000000E+00
  4.550000E+04,  1.007960E-13,  0.000000E+00,  0.000000E+00,  0.000000E+00
  4.570000E+04,  1.000044E-13,  0.000000E+00,  0.000000E+00,  0.000000E+00
  4.590000E+04,  9.563642E-14,  0.000000E+00,  0.000000E+00,  0.000000E+00
  4.610000E+04,  9.621392E-14,  0.000000E+00,  0.000000E+00,  0.000000E+00
  4.630000E+04,  9.439832E-14,  0.000000E+00,  0.000000E+00,  0.000000E+00
  4.650000E+04,  9.361838E-14,  0.000000E+00,  0.000000E+00,  0.000000E+00
  4.670000E+04,  9.285033E-14,  0.000000E+00,  0.000000E+00,  0.000000E+00
  4.690000E+04,  9.142627E-14,  0.000000E+00,  0.000000E+00,  0.000000E+00
  4.710000E+04,  8.964031E-14,  0.000000E+00,  0.000000E+00,  0.000000E+00
  4.730000E+04,  8.982950E-14,  0.000000E+00,  0.000000E+00,  0.000000E+00
  4.750000E+04,  8.778529E-14,  0.000000E+00,  0.000000E+00,  0.000000E+00
  4.770000E+04,  8.657774E-14,  0.000000E+00,  0.000000E+00,  0.000000E+00
  4.790000E+04,  8.561063E-14,  0.000000E+00,  0.000000E+00,  0.000000E+00
  4.810000E+04,  8.340881E-14,  0.000000E+00,  0.000000E+00,  0.000000E+00
  4.830000E+04,  8.392889E-14,  0.000000E+00,  0.000000E+00,  0.000000E+00
  4.850000E+04,  8.232548E-14,  0.000000E+00,  0.000000E+00,  0.000000E+00
  4.870000E+04,  8.043342E-14,  0.000000E+00,  0.000000E+00,  0.000000E+00
  4.890000E+04,  7.948734E-14,  0.000000E+00,  0.000000E+00,  0.000000E+00
  4.910000E+04,  7.854578E-14,  0.000000E+00,  0.000000E+00,  0.000000E+00
  4.930000E+04,  7.714915E-14,  0.000000E+00,  0.000000E+00,  0.000000E+00
  4.950000E+04,  7.589780E-14,  0.000000E+00,  0.000000E+00,  0.000000E+00
  4.970000E+04,  7.517927E-14,  0.000000E+00,  0.000000E+00,  0.000000E+00
  4.990000E+04,  7.420434E-14,  0.000000E+00,  0.000000E+00,  0.000000E+00
  5.010000E+04,  7.219141E-14,  0.000000E+00,  0.000000E+00,  0.000000E+00
  5.030000E+04,  7.228552E-14,  0.000000E+00,  0.000000E+00,  0.000000E+00
  5.050000E+04,  7.059460E-14,  0.000000E+00,  0.000000E+00,  0.000000E+00
  5.070000E+04,  6.992428E-14,  0.000000E+00,  0.000000E+00,  0.000000E+00
  5.090000E+04,  6.912540E-14,  0.000000E+00,  0.000000E+00,  0.000000E+00
  5.110000E+04,  6.763138E-14,  0.000000E+00,  0.000000E+00,  0.000000E+00
  5.130000E+04,  6.737156E-14,  0.000000E+00,  0.000000E+00,  0.000000E+00
  5.150000E+04,  6.611419E-14,  0.000000E+00,  0.000000E+00,  0.000000E+00
  5.170000E+04,  6.585966E-14,  0.000000E+00,  0.000000E+00,  0.000000E+00
  5.190000E+04,  6.445810E-14,  0.000000E+00,  0.000000E+00,  0.000000E+00
  5.210000E+04,  6.374633E-14,  0.000000E+00,  0.000000E+00,  0.000000E+00
  5.230000E+04,  6.268121E-14,  0.000000E+00,  0.000000E+00,  0.000000E+00
  5.250000E+04,  6.223893E-14,  0.000000E+00,  0.000000E+00,  0.000000E+00
  5.270000E+04,  6.185359E-14,  0.000000E+00,  0.000000E+00,  0.000000E+00
  5.290000E+04,  6.020957E-14,  0.000000E+00,  0.000000E+00,  0.000000E+00
  5.310000E+04,  5.961121E-14,  0.000000E+00,  0.000000E+00,  0.000000E+00
  5.330000E+04,  5.896440E-14,  0.000000E+00,  0.000000E+00,  0.000000E+00
  5.350000E+04,  5.827818E-14,  0.000000E+00,  0.000000E+00,  0.000000E+00
  5.370000E+04,  5.761389E-14,  0.000000E+00,  0.000000E+00,  0.000000E+00
  5.390000E+04,  5.697097E-14,  0.000000E+00,  0.000000E+00,  0.000000E+00
  5.410000E+04,  5.622955E-14,  0.000000E+00,  0.000000E+00,  0.000000E+00
  5.430000E+04,  5.504883E-14,  0.000000E+00,  0.000000E+00,  0.000000E+00
  5.450000E+04,  5.485907E-14,  0.000000E+00,  0.000000E+00,  0.000000E+00
  5.470000E+04,  5.405166E-14,  0.000000E+00,  0.000000E+00,  0.000000E+00
  5.490000E+04,  5.329202E-14,  0.000000E+00,  0.000000E+00,  0.000000E+00
  5.510000E+04,  5.269374E-14,  0.000000E+00,  0.000000E+00,  0.000000E+00
  5.530000E+04,  5.264028E-14,  0.000000E+00,  0.000000E+00,  0.000000E+00
  5.550000E+04,  5.119702E-14,  0.000000E+00,  0.000000E+00,  0.000000E+00
  5.570000E+04,  5.118575E-14,  0.000000E+00,  0.000000E+00,  0.000000E+00
  5.590000E+04,  5.021756E-14,  0.000000E+00,  0.000000E+00,  0.000000E+00
  5.610000E+04,  4.969946E-14,  0.000000E+00,  0.000000E+00,  0.000000E+00
  5.630000E+04,  4.887375E-14,  0.000000E+00,  0.000000E+00,  0.000000E+00
  5.650000E+04,  4.861562E-14,  0.000000E+00,  0.000000E+00,  0.000000E+00
  5.670000E+04,  4.801018E-14,  0.000000E+00,  0.000000E+00,  0.000000E+00
  5.690000E+04,  4.708070E-14,  0.000000E+00,  0.000000E+00,  0.000000E+00
  5.710000E+04,  4.690391E-14,  0.000000E+00,  0.000000E+00,  0.000000E+00
  5.730000E+04,  4.625973E-14,  0.000000E+00,  0.000000E+00,  0.000000E+00
  5.750000E+04,  4.572268E-14,  0.000000E+00,  0.000000E+00,  0.000000E+00
  5.770000E+04,  4.505806E-14,  0.000000E+00,  0.000000E+00,  0.000000E+00
  5.790000E+04,  4.473061E-14,  0.000000E+00,  0.000000E+00,  0.000000E+00
  5.810000E+04,  4.397047E-14,  0.000000E+00,  0.000000E+00,  0.000000E+00
  5.830000E+04,  4.348718E-14,  0.000000E+00,  0.000000E+00,  0.000000E+00
  5.850000E+04,  4.304589E-14,  0.000000E+00,  0.000000E+00,  0.000000E+00
  5.870000E+04,  4.236531E-14,  0.000000E+00,  0.000000E+00,  0.000000E+00
  5.890000E+04,  4.187290E-14,  0.000000E+00,  0.000000E+00,  0.000000E+00
  5.910000E+04,  4.146404E-14,  0.000000E+00,  0.000000E+00,  0.000000E+00
  5.930000E+04,  4.095938E-14,  0.000000E+00,  0.000000E+00,  0.000000E+00
  5.950000E+04,  4.038398E-14,  0.000000E+00,  0.000000E+00,  0.000000E+00
  5.970000E+04,  4.004204E-14,  0.000000E+00,  0.000000E+00,  0.000000E+00
  5.990000E+04,  3.955239E-14,  0.000000E+00,  0.000000E+00,  0.000000E+00
  6.010000E+04,  3.906309E-14,  0.000000E+00,  0.000000E+00,  0.000000E+00
  6.030000E+04,  3.857953E-14,  0.000000E+00,  0.000000E+00,  0.000000E+00
  6.050000E+04,  3.802088E-14,  0.000000E+00,  0.000000E+00,  0.000000E+00
  6.070000E+04,  3.758063E-14,  0.000000E+00,  0.000000E+00,  0.000000E+00
  6.090000E+04,  3.709807E-14,  0.000000E+00,  0.000000E+00,  0.000000E+00
  6.110000E+04,  3.659032E-14,  0.000000E+00,  0.000000E+00,  0.000000E+00
  6.130000E+04,  3.626381E-14,  0.000000E+00,  0.000000E+00,  0.000000E+00
  6.150000E+04,  3.586311E-14,  0.000000E+00,  0.000000E+00,  0.000000E+00
  6.170000E+04,  3.545516E-14,  0.000000E+00,  0.000000E+00,  0.000000E+00
  6.190000E+04,  3.505447E-14,  0.000000E+00,  0.000000E+00,  0.000000E+00
  6.210000E+04,  3.465029E-14,  0.000000E+00,  0.000000E+00,  0.000000E+00
  6.230000E+04,  3.415202E-14,  0.000000E+00,  0.000000E+00,  0.000000E+00
  6.250000E+04,  3.369910E-14,  0.000000E+00,  0.000000E+00,  0.000000E+00
  6.270000E+04,  3.329400E-14,  0.000000E+00,  0.000000E+00,  0.000000E+00
  6.290000E+04,  3.299296E-14,  0.000000E+00,  0.000000E+00,  0.000000E+00
  6.310000E+04,  3.254621E-14,  0.000000E+00,  0.000000E+00,  0.000000E+00
  6.330000E+04,  3.227129E-14,  0.000000E+00,  0.000000E+00,  0.000000E+00
  6.350000E+04,  3.182771E-14,  0.000000E+00,  0.000000E+00,  0.000000E+00
  6.370000E+04,  3.151464E-14,  0.000000E+00,  0.000000E+00,  0.000000E+00
  6.390000E+04,  3.107047E-14,  0.000000E+00,  0.000000E+00,  0.000000E+00
  6.420000E+04,  3.057730E-14,  0.000000E+00,  0.000000E+00,  0.000000E+00
  6.460000E+04,  2.983100E-14,  0.000000E+00,  0.000000E+00,  0.000000E+00
  6.500000E+04,  2.913239E-14,  0.000000E+00,  0.000000E+00,  0.000000E+00
  6.540000E+04,  2.849015E-14,  0.000000E+00,  0.000000E+00,  0.000000E+00
  6.580000E+04,  2.784874E-14,  0.000000E+00,  0.000000E+00,  0.000000E+00
  6.620000E+04,  2.718790E-14,  0.000000E+00,  0.000000E+00,  0.000000E+00
  6.660000E+04,  2.658620E-14,  0.000000E+00,  0.000000E+00,  0.000000E+00
  6.700000E+04,  2.597483E-14,  0.000000E+00,  0.000000E+00,  0.000000E+00
  6.740000E+04,  2.536905E-14,  0.000000E+00,  0.000000E+00,  0.000000E+00
  6.780000E+04,  2.480960E-14,  0.000000E+00,  0.000000E+00,  0.000000E+00
  6.820000E+04,  2.424455E-14,  0.000000E+00,  0.000000E+00,  0.000000E+00
  6.860000E+04,  2.371677E-14,  0.000000E+00,  0.000000E+00,  0.000000E+00
  6.900000E+04,  2.318347E-14,  0.000000E+00,  0.000000E+00,  0.000000E+00
  6.940000E+04,  2.266167E-14,  0.000000E+00,  0.000000E+00,  0.000000E+00
  6.980000E+04,  2.218015E-14,  0.000000E+00,  0.000000E+00,  0.000000E+00
  7.020000E+04,  2.166324E-14,  0.000000E+00,  0.000000E+00,  0.000000E+00
  7.060000E+04,  2.121572E-14,  0.000000E+00,  0.000000E+00,  0.000000E+00
  7.100000E+04,  2.075604E-14,  0.000000E+00,  0.000000E+00,  0.000000E+00
  7.140000E+04,  2.030756E-14,  0.000000E+00,  0.000000E+00,  0.000000E+00
  7.180000E+04,  1.986878E-14,  0.000000E+00,  0.000000E+00,  0.000000E+00
  7.220000E+04,  1.944521E-14,  0.000000E+00,  0.000000E+00,  0.000000E+00
  7.260000E+04,  1.902750E-14,  0.000000E+00,  0.000000E+00,  0.000000E+00
  7.300000E+04,  1.863207E-14,  0.000000E+00,  0.000000E+00,  0.000000E+00
  7.340000E+04,  1.822407E-14,  0.000000E+00,  0.000000E+00,  0.000000E+00
  7.380000E+04,  1.785331E-14,  0.000000E+00,  0.000000E+00,  0.000000E+00
  7.420000E+04,  1.746333E-14,  0.000000E+00,  0.000000E+00,  0.000000E+00
  7.460000E+04,  1.709786E-14,  0.000000E+00,  0.000000E+00,  0.000000E+00
  7.500000E+04,  1.676135E-14,  0.000000E+00,  0.000000E+00,  0.000000E+00
  7.540000E+04,  1.640325E-14,  0.000000E+00,  0.000000E+00,  0.000000E+00
  7.580000E+04,  1.603718E-14,  0.000000E+00,  0.000000E+00,  0.000000E+00
  7.620000E+04,  1.568669E-14,  0.000000E+00,  0.000000E+00,  0.000000E+00
  7.660000E+04,  1.533430E-14,  0.000000E+00,  0.000000E+00,  0.000000E+00
  7.700000E+04,  1.499471E-14,  0.000000E+00,  0.000000E+00,  0.000000E+00
  7.740000E+04,  1.466520E-14,  0.000000E+00,  0.000000E+00,  0.000000E+00
  7.780000E+04,  1.435194E-14,  0.000000E+00,  0.000000E+00,  0.000000E+00
  7.820000E+04,  1.405452E-14,  0.000000E+00,  0.000000E+00,  0.000000E+00
  7.860000E+04,  1.375149E-14,  0.000000E+00,  0.000000E+00,  0.000000E+00
  7.900000E+04,  1.348730E-14,  0.000000E+00,  0.000000E+00,  0.000000E+00
  7.940000E+04,  1.320407E-14,  0.000000E+00,  0.000000E+00,  0.000000E+00
  7.980000E+04,  1.295289E-14,  0.000000E+00,  0.000000E+00,  0.000000E+00
  8.020000E+04,  1.270087E-14,  0.000000E+00,  0.000000E+00,  0.000000E+00
  8.060000E+04,  1.246405E-14,  0.000000E+00,  0.000000E+00,  0.000000E+00
  8.100000E+04,  1.223808E-14,  0.000000E+00,  0.000000E+00,  0.000000E+00
  8.140000E+04,  1.201740E-14,  0.000000E+00,  0.000000E+00,  0.000000E+00
  8.180000E+04,  1.180065E-14,  0.000000E+00,  0.000000E+00,  0.000000E+00
  8.220000E+04,  1.159038E-14,  0.000000E+00,  0.000000E+00,  0.000000E+00
  8.260000E+04,  1.137743E-14,  0.000000E+00,  0.000000E+00,  0.000000E+00
  8.300000E+04,  1.116185E-14,  0.000000E+00,  0.000000E+00,  0.000000E+00
  8.340000E+04,  1.095480E-14,  0.000000E+00,  0.000000E+00,  0.000000E+00
  8.380000E+04,  1.075153E-14,  0.000000E+00,  0.000000E+00,  0.000000E+00
  8.420000E+04,  1.055163E-14,  0.000000E+00,  0.000000E+00,  0.000000E+00
  8.460000E+04,  1.036138E-14,  0.000000E+00,  0.000000E+00,  0.000000E+00
  8.500000E+04,  1.016968E-14,  0.000000E+00,  0.000000E+00,  0.000000E+00
  8.540000E+04,  9.988501E-15,  0.000000E+00,  0.000000E+00,  0.000000E+00
  8.580000E+04,  9.805127E-15,  0.000000E+00,  0.000000E+00,  0.000000E+00
  8.620000E+04,  9.629664E-15,  0.000000E+00,  0.000000E+00,  0.000000E+00
  8.660000E+04,  9.447900E-15,  0.000000E+00,  0.000000E+00,  0.000000E+00
  8.700000E+04,  9.283566E-15,  0.000000E+00,  0.000000E+00,  0.000000E+00
  8.740000E+04,  9.127395E-15,  0.000000E+00,  0.000000E+00,  0.000000E+00
  8.780000E+04,  8.953452E-15,  0.000000E+00,  0.000000E+00,  0.000000E+00
  8.820000E+04,  8.791693E-15,  0.000000E+00,  0.000000E+00,  0.000000E+00
  8.860000E+04,  8.642184E-15,  0.000000E+00,  0.000000E+00,  0.000000E+00
  8.900000E+04,  8.494523E-15,  0.000000E+00,  0.000000E+00,  0.000000E+00
  8.940000E+04,  8.343826E-15,  0.000000E+00,  0.000000E+00,  0.000000E+00
  8.980000E+04,  8.195533E-15,  0.000000E+00,  0.000000E+00,  0.000000E+00
  9.020000E+04,  8.067606E-15,  0.000000E+00,  0.000000E+00,  0.000000E+00
  9.060000E+04,  7.932632E-15,  0.000000E+00,  0.000000E+00,  0.000000E+00
  9.100000E+04,  7.788187E-15,  0.000000E+00,  0.000000E+00,  0.000000E+00
  9.140000E+04,  7.649765E-15,  0.000000E+00,  0.000000E+00,  0.000000E+00
  9.180000E+04,  7.532415E-15,  0.000000E+00,  0.000000E+00,  0.000000E+00
  9.220000E+04,  7.403998E-15,  0.000000E+00,  0.000000E+00,  0.000000E+00
  9.260000E+04,  7.282522E-15,  0.000000E+00,  0.000000E+00,  0.000000E+00
  9.300000E+04,  7.166970E-15,  0.000000E+00,  0.000000E+00,  0.000000E+00
  9.340000E+04,  7.041092E-15,  0.000000E+00,  0.000000E+00,  0.000000E+00
  9.380000E+04,  6.920320E-15,  0.000000E+00,  0.000000E+00,  0.000000E+00
  9.420000E+04,  6.821590E-15,  0.000000E+00,  0.000000E+00,  0.000000E+00
  9.460000E+04,  6.696587E-15,  0.000000E+00,  0.000000E+00,  0.000000E+00
  9.500000E+04,  6.602157E-15,  0.000000E+00,  0.000000E+00,  0.000000E+00
  9.540000E+04,  6.498690E-15,  0.000000E+00,  0.000000E+00,  0.000000E+00
  9.580000E+04,  6.376192E-15,  0.000000E+00,  0.000000E+00,  0.000000E+00
  9.620000E+04,  6.290911E-15,  0.000000E+00,  0.000000E+00,  0.000000E+00
  9.660000E+04,  6.171424E-15,  0.000000E+00,  0.000000E+00,  0.000000E+00
  9.700000E+04,  6.090050E-15,  0.000000E+00,  0.000000E+00,  0.000000E+00
  9.740000E+04,  5.984902E-15,  0.000000E+00,  0.000000E+00,  0.000000E+00
  9.780000E+04,  5.880441E-15,  0.000000E+00,  0.000000E+00,  0.000000E+00
  9.820000E+04,  5.806664E-15,  0.000000E+00,  0.000000E+00,  0.000000E+00
  9.860000E+04,  5.713541E-15,  0.000000E+00,  0.000000E+00,  0.000000E+00
  9.900000E+04,  5.616913E-15,  0.000000E+00,  0.000000E+00,  0.000000E+00
  9.940000E+04,  5.523086E-15,  0.000000E+00,  0.000000E+00,  0.000000E+00
  9.980000E+04,  5.454753E-15,  0.000000E+00,  0.000000E+00,  0.000000E+00
  1.002000E+05,  5.369742E-15,  0.000000E+00,  0.000000E+00,  0.000000E+00
  2.000000E+05,  3.497234E-16,  0.000000E+00,  0.000000E+00,  0.000000E+00
  4.000000E+05,  2.208770E-17,  0.000000E+00,  0.000000E+00,  0.000000E+00
  6.000000E+05,  4.355751E-18,  0.000000E+00,  0.000000E+00,  0.000000E+00
  8.000000E+05,  1.372665E-18,  0.000000E+00,  0.000000E+00,  0.000000E+00
  1.000000E+06,  5.596771E-19,  0.000000E+00,  0.000000E+00,  0.000000E+00
  1.200000E+06,  2.686769E-19,  0.000000E+00,  0.000000E+00,  0.000000E+00
  1.400000E+06,  1.443907E-19,  0.000000E+00,  0.000000E+00,  0.000000E+00
  1.600000E+06,  8.429020E-20,  0.000000E+00,  0.000000E+00,  0.000000E+00
