wavelengths,fluxes,convolved_flux,filter_wavelengths,filter_trans
  1.472000E+02,  1.761831E-41,  0.000000E+00,  5.200000E+03,  0.000000E+00
  1.510000E+02,  1.674507E-41,  0.000000E+00,  5.400000E+03,  6.000000E-02
  1.552000E+02,  0.000000E+00,  0.000000E+00,  5.600000E+03,  2.800000E-01
  1.588000E+02,  0.000000E+00,  0.000000E+00,  5.800000E+03,  5.000000E-01
  1.620000E+02,  0.000000E+00,  0.000000E+00,  6.000000E+03,  6.900000E-01
  1.660000E+02,  0.000000E+00,  0.000000E+00,  6.200000E+03,  7.900000E-01
  1.703000E+02,  0.000000E+00,  0.000000E+00,  6.400000E+03,  8.800000E-01
  1.734000E+02,  0.000000E+00,  0.000000E+00,  6.600000E+03,  9.400000E-01
  1.768000E+02,  0.000000E+00,  0.000000E+00,  6.800000E+03,  9.800000E-01
  1.802000E+02,  0.000000E+00,  0.000000E+00,  7.000000E+03,  1.000000E+00
  1.817000E+02,  0.000000E+00,  0.000000E+00,  7.200000E+03,  9.400000E-01
  1.861000E+02,  0.000000E+00,  0.000000E+00,  7.400000E+03,  8.500000E-01
  1.910000E+02,  0.000000E+00,  0.000000E+00,  7.600000E+03,  7.300000E-01
  1.939000E+02,  0.000000E+00,  0.000000E+00,  7.800000E+03,  5.700000E-01
  1.984000E+02,  0.000000E+00,  0.000000E+00,  8.000000E+03,  4.200000E-01
  2.018000E+02,  0.000000E+00,  0.000000E+00,  8.200000E+03,  3.100000E-01
  2.050000E+02,  0.000000E+00,  0.000000E+00,  8.400000E+03,  1.700000E-01
  2.105000E+02,  0.000000E+00,  0.000000E+00,  8.600000E+03,  1.100000E-01
  2.162000E+02,  0.000000E+00,  0.000000E+00,  8.800000E+03,  6.000000E-02
  2.198000E+02,  0.000000E+00,  0.000000E+00,  9.000000E+03,  4.000000E-02
  2.230000E+02,  0.000000E+00,  0.000000E+00,  9.200000E+03,  2.000000E-02
  2.268000E+02,  0.000000E+00,  0.000000E+00,  9.400000E+03,  1.000000E-02
  2.300000E+02,  0.000000E+00,  0.000000E+00,  9.600000E+03,  0.000000E+00
  2.340000E+02,  0.000000E+00,  0.000000E+00,  0.000000E+00,  0.000000E+00
  2.400000E+02,  0.000000E+00,  0.000000E+00,  0.000000E+00,  0.000000E+00
  2.465000E+02,  0.000000E+00,  0.000000E+00,  0.000000E+00,  0.000000E+00
  2.524000E+02,  0.000000E+00,  0.000000E+00,  0.000000E+00,  0.000000E+00
  2.568000E+02,  0.000000E+00,  0.000000E+00,  0.000000E+00,  0.000000E+00
  2.600000E+02,  0.000000E+00,  0.000000E+00,  0.000000E+00,  0.000000E+00
  2.640000E+02,  0.000000E+00,  0.000000E+00,  0.000000E+00,  0.000000E+00
  2.685000E+02,  0.000000E+00,  0.000000E+00,  0.000000E+00,  0.000000E+00
  2.735000E+02,  0.000000E+00,  0.000000E+00,  0.000000E+00,  0.000000E+00
  2.785000E+02,  0.000000E+00,  0.000000E+00,  0.000000E+00,  0.000000E+00
  2.840000E+02,  0.000000E+00,  0.000000E+00,  0.000000E+00,  0.000000E+00
  2.900000E+02,  0.000000E+00,  0.000000E+00,  0.000000E+00,  0.000000E+00
  2.960000E+02,  0.000000E+00,  0.000000E+00,  0.000000E+00,  0.000000E+00
  3.010000E+02,  0.000000E+00,  0.000000E+00,  0.000000E+00,  0.000000E+00
  3.080000E+02,  0.000000E+00,  0.000000E+00,  0.000000E+00,  0.000000E+00
  3.180000E+02,  0.000000E+00,  0.000000E+00,  0.000000E+00,  0.000000E+00
  3.280000E+02,  0.000000E+00,  0.000000E+00,  0.000000E+00,  0.000000E+00
  3.380000E+02,  0.000000E+00,  0.000000E+00,  0.000000E+00,  0.000000E+00
  3.480000E+02,  0.000000E+00,  0.000000E+00,  0.000000E+00,  0.000000E+00
  3.570000E+02,  0.000000E+00,  0.000000E+00,  0.000000E+00,  0.000000E+00
  3.660000E+02,  0.000000E+00,  0.000000E+00,  0.000000E+00,  0.000000E+00
  3.750000E+02,  0.000000E+00,  0.000000E+00,  0.000000E+00,  0.000000E+00
  3.850000E+02,  0.000000E+00,  0.000000E+00,  0.000000E+00,  0.000000E+00
  3.950000E+02,  0.000000E+00,  0.000000E+00,  0.000000E+00,  0.000000E+00
  4.050000E+02,  0.000000E+00,  0.000000E+00,  0.000000E+00,  0.000000E+00
  4.140000E+02,  0.000000E+00,  0.000000E+00,  0.000000E+00,  0.000000E+00
  4.220000E+02,  0.000000E+00,  0.000000E+00,  0.000000E+00,  0.000000E+00
  4.300000E+02,  0.000000E+00,  0.000000E+00,  0.000000E+00,  0.000000E+00
  4.410000E+02,  0.000000E+00,  0.000000E+00,  0.000000E+00,  0.000000E+00
  4.510000E+02,  0.000000E+00,  0.000000E+00,  0.000000E+00,  0.000000E+00
  4.600000E+02,  0.000000E+00,  0.000000E+00,  0.000000E+00,  0.000000E+00
  4.700000E+02,  0.000000E+00,  0.000000E+00,  0.000000E+00,  0.000000E+00
  4.800000E+02,  0.000000E+00,  0.000000E+00,  0.000000E+00,  0.000000E+00
  4.900000E+02,  0.000000E+00,  0.000000E+00,  0.000000E+00,  0.000000E+00
  5.000000E+02,  0.000000E+00,  0.000000E+00,  0.000000E+00,  0.000000E+00
  5.060000E+02,  0.000000E+00,  0.000000E+00,  0.000000E+00,  0.000000E+00
  5.120000E+02,  0.000000E+00,  0.000000E+00,  0.000000E+00,  0.000000E+00
  5.200000E+02,  0.000000E+00,  0.000000E+00,  0.000000E+00,  0.000000E+00
  5.300000E+02,  0.000000E+00,  0.000000E+00,  0.000000E+00,  0.000000E+00
  5.400000E+02,  0.000000E+00,  0.000000E+00,  0.000000E+00,  0.000000E+00
  5.500000E+02,  0.000000E+00,  0.000000E+00,  0.000000E+00,  0.000000E+00
  5.600000E+02,  0.000000E+00,  0.000000E+00,  0.000000E+00,  0.000000E+00
  5.700000E+02,  0.000000E+00,  0.000000E+00,  0.000000E+00,  0.000000E+00
  5.800000E+02,  0.000000E+00,  0.000000E+00,  0.000000E+00,  0.000000E+00
  5.900000E+02,  0.000000E+00,  0.000000E+00,  0.000000E+00,  0.000000E+00
  6.000000E+02,  0.000000E+00,  0.000000E+00,  0.000000E+00,  0.000000E+00
  6.100000E+02,  0.000000E+00,  0.000000E+00,  0.000000E+00,  0.000000E+00
  6.200000E+02,  3.801215E-35,  0.000000E+00,  0.000000E+00,  0.000000E+00
  6.300000E+02,  2.999559E-34,  0.000000E+00,  0.000000E+00,  0.000000E+00
  6.400000E+02,  1.093768E-33,  0.000000E+00,  0.000000E+00,  0.000000E+00
  6.500000E+02,  3.200391E-33,  0.000000E+00,  0.000000E+00,  0.000000E+00
  6.580000E+02,  6.940031E-33,  0.000000E+00,  0.000000E+00,  0.000000E+00
  6.650000E+02,  1.307611E-32,  0.000000E+00,  0.000000E+00,  0.000000E+00
  6.750000E+02,  3.067156E-32,  0.000000E+00,  0.000000E+00,  0.000000E+00
  6.850000E+02,  6.842985E-32,  0.000000E+00,  0.000000E+00,  0.000000E+00
  6.950000E+02,  1.463653E-31,  0.000000E+00,  0.000000E+00,  0.000000E+00
  7.050000E+02,  3.014826E-31,  0.000000E+00,  0.000000E+00,  0.000000E+00
  7.160000E+02,  6.469443E-31,  0.000000E+00,  0.000000E+00,  0.000000E+00
  7.260000E+02,  1.255466E-30,  0.000000E+00,  0.000000E+00,  0.000000E+00
  7.350000E+02,  2.231382E-30,  0.000000E+00,  0.000000E+00,  0.000000E+00
  7.450000E+02,  4.135318E-30,  0.000000E+00,  0.000000E+00,  0.000000E+00
  7.550000E+02,  7.499806E-30,  0.000000E+00,  0.000000E+00,  0.000000E+00
  7.650000E+02,  1.333975E-29,  0.000000E+00,  0.000000E+00,  0.000000E+00
  7.750000E+02,  2.325743E-29,  0.000000E+00,  0.000000E+00,  0.000000E+00
  7.850000E+02,  3.987474E-29,  0.000000E+00,  0.000000E+00,  0.000000E+00
  7.950000E+02,  6.673063E-29,  0.000000E+00,  0.000000E+00,  0.000000E+00
  8.050000E+02,  1.111288E-28,  0.000000E+00,  0.000000E+00,  0.000000E+00
  8.150000E+02,  1.819144E-28,  0.000000E+00,  0.000000E+00,  0.000000E+00
  8.250000E+02,  2.929822E-28,  0.000000E+00,  0.000000E+00,  0.000000E+00
  8.350000E+02,  4.654929E-28,  0.000000E+00,  0.000000E+00,  0.000000E+00
  8.450000E+02,  7.298446E-28,  0.000000E+00,  0.000000E+00,  0.000000E+00
  8.550000E+02,  1.130411E-27,  0.000000E+00,  0.000000E+00,  0.000000E+00
  8.650000E+02,  1.729341E-27,  0.000000E+00,  0.000000E+00,  0.000000E+00
  8.750000E+02,  2.612025E-27,  0.000000E+00,  0.000000E+00,  0.000000E+00
  8.850000E+02,  3.912521E-27,  0.000000E+00,  0.000000E+00,  0.000000E+00
  8.950000E+02,  5.792222E-27,  0.000000E+00,  0.000000E+00,  0.000000E+00
  9.050000E+02,  8.485489E-27,  0.000000E+00,  0.000000E+00,  0.000000E+00
  9.150000E+02,  8.163530E-24,  0.000000E+00,  0.000000E+00,  0.000000E+00
  9.250000E+02,  2.955936E-23,  0.000000E+00,  0.000000E+00,  0.000000E+00
  9.350000E+02,  4.282439E-23,  0.000000E+00,  0.000000E+00,  0.000000E+00
  9.450000E+02,  6.263377E-23,  0.000000E+00,  0.000000E+00,  0.000000E+00
  9.550000E+02,  9.534361E-23,  0.000000E+00,  0.000000E+00,  0.000000E+00
  9.650000E+02,  1.384835E-22,  0.000000E+00,  0.000000E+00,  0.000000E+00
  9.750000E+02,  1.949187E-22,  0.000000E+00,  0.000000E+00,  0.000000E+00
  9.850000E+02,  2.748785E-22,  0.000000E+00,  0.000000E+00,  0.000000E+00
  9.950000E+02,  3.834470E-22,  0.000000E+00,  0.000000E+00,  0.000000E+00
  1.005000E+03,  5.529874E-22,  0.000000E+00,  0.000000E+00,  0.000000E+00
  1.015000E+03,  7.610468E-22,  0.000000E+00,  0.000000E+00,  0.000000E+00
  1.025000E+03,  1.016652E-21,  0.000000E+00,  0.000000E+00,  0.000000E+00
  1.035000E+03,  1.437993E-21,  0.000000E+00,  0.000000E+00,  0.000000E+00
  1.045000E+03,  1.957495E-21,  0.000000E+00,  0.000000E+00,  0.000000E+00
  1.055000E+03,  2.610267E-21,  0.000000E+00,  0.000000E+00,  0.000000E+00
  1.065000E+03,  3.499334E-21,  0.000000E+00,  0.000000E+00,  0.000000E+00
  1.075000E+03,  4.688845E-21,  0.000000E+00,  0.000000E+00,  0.000000E+00
  1.085000E+03,  6.239699E-21,  0.000000E+00,  0.000000E+00,  0.000000E+00
  1.095000E+03,  8.132869E-21,  0.000000E+00,  0.000000E+00,  0.000000E+00
  1.105000E+03,  2.268640E-20,  0.000000E+00,  0.000000E+00,  0.000000E+00
  1.115000E+03,  5.906161E-20,  0.000000E+00,  0.000000E+00,  0.000000E+00
  1.125000E+03,  8.518249E-20,  0.000000E+00,  0.000000E+00,  0.000000E+00
  1.135000E+03,  1.274019E-19,  0.000000E+00,  0.000000E+00,  0.000000E+00
  1.145000E+03,  1.655863E-19,  0.000000E+00,  0.000000E+00,  0.000000E+00
  1.155000E+03,  1.938856E-19,  0.000000E+00,  0.000000E+00,  0.000000E+00
  1.165000E+03,  2.573076E-19,  0.000000E+00,  0.000000E+00,  0.000000E+00
  1.175000E+03,  3.262547E-19,  0.000000E+00,  0.000000E+00,  0.000000E+00
  1.185000E+03,  3.641632E-19,  0.000000E+00,  0.000000E+00,  0.000000E+00
  1.195000E+03,  2.983520E-19,  0.000000E+00,  0.000000E+00,  0.000000E+00
  1.205000E+03,  2.970669E-19,  0.000000E+00,  0.000000E+00,  0.000000E+00
  1.215000E+03,  1.244369E-19,  0.000000E+00,  0.000000E+00,  0.000000E+00
  1.225000E+03,  3.923715E-19,  0.000000E+00,  0.000000E+00,  0.000000E+00
  1.235000E+03,  7.867399E-19,  0.000000E+00,  0.000000E+00,  0.000000E+00
  1.245000E+03,  1.130103E-18,  0.000000E+00,  0.000000E+00,  0.000000E+00
  1.255000E+03,  1.393679E-18,  0.000000E+00,  0.000000E+00,  0.000000E+00
  1.265000E+03,  1.536991E-18,  0.000000E+00,  0.000000E+00,  0.000000E+00
  1.275000E+03,  1.857543E-18,  0.000000E+00,  0.000000E+00,  0.000000E+00
  1.285000E+03,  2.171712E-18,  0.000000E+00,  0.000000E+00,  0.000000E+00
  1.295000E+03,  2.618309E-18,  0.000000E+00,  0.000000E+00,  0.000000E+00
  1.305000E+03,  2.824068E-18,  0.000000E+00,  0.000000E+00,  0.000000E+00
  1.315000E+03,  3.429129E-18,  0.000000E+00,  0.000000E+00,  0.000000E+00
  1.325000E+03,  3.706733E-18,  0.000000E+00,  0.000000E+00,  0.000000E+00
  1.335000E+03,  4.232967E-18,  0.000000E+00,  0.000000E+00,  0.000000E+00
  1.345000E+03,  4.851393E-18,  0.000000E+00,  0.000000E+00,  0.000000E+00
  1.355000E+03,  5.672852E-18,  0.000000E+00,  0.000000E+00,  0.000000E+00
  1.365000E+03,  6.194545E-18,  0.000000E+00,  0.000000E+00,  0.000000E+00
  1.375000E+03,  6.985137E-18,  0.000000E+00,  0.000000E+00,  0.000000E+00
  1.385000E+03,  7.828499E-18,  0.000000E+00,  0.000000E+00,  0.000000E+00
  1.395000E+03,  8.868119E-18,  0.000000E+00,  0.000000E+00,  0.000000E+00
  1.405000E+03,  1.064387E-17,  0.000000E+00,  0.000000E+00,  0.000000E+00
  1.415000E+03,  1.202681E-17,  0.000000E+00,  0.000000E+00,  0.000000E+00
  1.425000E+03,  1.384635E-17,  0.000000E+00,  0.000000E+00,  0.000000E+00
  1.435000E+03,  1.616514E-17,  0.000000E+00,  0.000000E+00,  0.000000E+00
  1.442000E+03,  1.941128E-17,  0.000000E+00,  0.000000E+00,  0.000000E+00
  1.447000E+03,  1.864905E-17,  0.000000E+00,  0.000000E+00,  0.000000E+00
  1.455000E+03,  2.142186E-17,  0.000000E+00,  0.000000E+00,  0.000000E+00
  1.465000E+03,  2.564032E-17,  0.000000E+00,  0.000000E+00,  0.000000E+00
  1.475000E+03,  2.622621E-17,  0.000000E+00,  0.000000E+00,  0.000000E+00
  1.485000E+03,  3.086091E-17,  0.000000E+00,  0.000000E+00,  0.000000E+00
  1.495000E+03,  3.902721E-17,  0.000000E+00,  0.000000E+00,  0.000000E+00
  1.505000E+03,  4.644896E-17,  0.000000E+00,  0.000000E+00,  0.000000E+00
  1.512000E+03,  4.101035E-17,  0.000000E+00,  0.000000E+00,  0.000000E+00
  1.517000E+03,  5.261198E-17,  0.000000E+00,  0.000000E+00,  0.000000E+00
  1.525000E+03,  8.159682E-17,  0.000000E+00,  0.000000E+00,  0.000000E+00
  1.535000E+03,  2.339486E-16,  0.000000E+00,  0.000000E+00,  0.000000E+00
  1.545000E+03,  2.232871E-16,  0.000000E+00,  0.000000E+00,  0.000000E+00
  1.555000E+03,  3.455524E-16,  0.000000E+00,  0.000000E+00,  0.000000E+00
  1.565000E+03,  3.328628E-16,  0.000000E+00,  0.000000E+00,  0.000000E+00
  1.575000E+03,  5.568561E-16,  0.000000E+00,  0.000000E+00,  0.000000E+00
  1.585000E+03,  6.730422E-16,  0.000000E+00,  0.000000E+00,  0.000000E+00
  1.595000E+03,  7.780354E-16,  0.000000E+00,  0.000000E+00,  0.000000E+00
  1.605000E+03,  8.662893E-16,  0.000000E+00,  0.000000E+00,  0.000000E+00
  1.615000E+03,  9.705557E-16,  0.000000E+00,  0.000000E+00,  0.000000E+00
  1.625000E+03,  1.113364E-15,  0.000000E+00,  0.000000E+00,  0.000000E+00
  1.635000E+03,  1.288476E-15,  0.000000E+00,  0.000000E+00,  0.000000E+00
  1.645000E+03,  1.803099E-15,  0.000000E+00,  0.000000E+00,  0.000000E+00
  1.655000E+03,  1.195342E-15,  0.000000E+00,  0.000000E+00,  0.000000E+00
  1.665000E+03,  2.088456E-15,  0.000000E+00,  0.000000E+00,  0.000000E+00
  1.672000E+03,  1.527466E-15,  0.000000E+00,  0.000000E+00,  0.000000E+00
  1.677000E+03,  2.193282E-15,  0.000000E+00,  0.000000E+00,  0.000000E+00
  1.685000E+03,  3.591022E-15,  0.000000E+00,  0.000000E+00,  0.000000E+00
  1.695000E+03,  5.764394E-15,  0.000000E+00,  0.000000E+00,  0.000000E+00
  1.705000E+03,  7.334791E-15,  0.000000E+00,  0.000000E+00,  0.000000E+00
  1.715000E+03,  7.102865E-15,  0.000000E+00,  0.000000E+00,  0.000000E+00
  1.725000E+03,  8.818851E-15,  0.000000E+00,  0.000000E+00,  0.000000E+00
  1.735000E+03,  1.083190E-14,  0.000000E+00,  0.000000E+00,  0.000000E+00
  1.745000E+03,  1.515720E-14,  0.000000E+00,  0.000000E+00,  0.000000E+00
  1.755000E+03,  2.221750E-14,  0.000000E+00,  0.000000E+00,  0.000000E+00
  1.765000E+03,  1.786240E-14,  0.000000E+00,  0.000000E+00,  0.000000E+00
  1.775000E+03,  2.187155E-14,  0.000000E+00,  0.000000E+00,  0.000000E+00
  1.785000E+03,  3.077588E-14,  0.000000E+00,  0.000000E+00,  0.000000E+00
  1.795000E+03,  3.993200E-14,  0.000000E+00,  0.000000E+00,  0.000000E+00
  1.805000E+03,  3.795318E-14,  0.000000E+00,  0.000000E+00,  0.000000E+00
  1.815000E+03,  3.145667E-14,  0.000000E+00,  0.000000E+00,  0.000000E+00
  1.825000E+03,  3.926037E-14,  0.000000E+00,  0.000000E+00,  0.000000E+00
  1.835000E+03,  4.504032E-14,  0.000000E+00,  0.000000E+00,  0.000000E+00
  1.845000E+03,  2.837076E-14,  0.000000E+00,  0.000000E+00,  0.000000E+00
  1.855000E+03,  5.016770E-14,  0.000000E+00,  0.000000E+00,  0.000000E+00
  1.865000E+03,  6.811366E-14,  0.000000E+00,  0.000000E+00,  0.000000E+00
  1.875000E+03,  7.180391E-14,  0.000000E+00,  0.000000E+00,  0.000000E+00
  1.885000E+03,  7.849905E-14,  0.000000E+00,  0.000000E+00,  0.000000E+00
  1.895000E+03,  1.006660E-13,  0.000000E+00,  0.000000E+00,  0.000000E+00
  1.905000E+03,  9.244278E-14,  0.000000E+00,  0.000000E+00,  0.000000E+00
  1.915000E+03,  1.066663E-13,  0.000000E+00,  0.000000E+00,  0.000000E+00
  1.925000E+03,  9.294895E-14,  0.000000E+00,  0.000000E+00,  0.000000E+00
  1.935000E+03,  5.703512E-14,  0.000000E+00,  0.000000E+00,  0.000000E+00
  1.945000E+03,  1.320160E-13,  0.000000E+00,  0.000000E+00,  0.000000E+00
  1.955000E+03,  1.383200E-13,  0.000000E+00,  0.000000E+00,  0.000000E+00
  1.967000E+03,  1.858536E-13,  0.000000E+00,  0.000000E+00,  0.000000E+00
  1.976000E+03,  1.693517E-13,  0.000000E+00,  0.000000E+00,  0.000000E+00
  1.984000E+03,  1.713326E-13,  0.000000E+00,  0.000000E+00,  0.000000E+00
  1.995000E+03,  1.960848E-13,  0.000000E+00,  0.000000E+00,  0.000000E+00
  2.005000E+03,  1.910626E-13,  0.000000E+00,  0.000000E+00,  0.000000E+00
  2.015000E+03,  2.207529E-13,  0.000000E+00,  0.000000E+00,  0.000000E+00
  2.025000E+03,  1.648897E-13,  0.000000E+00,  0.000000E+00,  0.000000E+00
  2.035000E+03,  2.596601E-13,  0.000000E+00,  0.000000E+00,  0.000000E+00
  2.045000E+03,  3.112701E-13,  0.000000E+00,  0.000000E+00,  0.000000E+00
  2.055000E+03,  2.969228E-13,  0.000000E+00,  0.000000E+00,  0.000000E+00
  2.065000E+03,  2.973456E-13,  0.000000E+00,  0.000000E+00,  0.000000E+00
  2.074000E+03,  3.044589E-13,  0.000000E+00,  0.000000E+00,  0.000000E+00
  2.078000E+03,  4.560869E-13,  0.000000E+00,  0.000000E+00,  0.000000E+00
  2.085000E+03,  4.454435E-13,  0.000000E+00,  0.000000E+00,  0.000000E+00
  2.095000E+03,  6.823244E-13,  0.000000E+00,  0.000000E+00,  0.000000E+00
  2.105000E+03,  1.224570E-12,  0.000000E+00,  0.000000E+00,  0.000000E+00
  2.115000E+03,  1.665929E-12,  0.000000E+00,  0.000000E+00,  0.000000E+00
  2.125000E+03,  1.350429E-12,  0.000000E+00,  0.000000E+00,  0.000000E+00
  2.135000E+03,  1.366093E-12,  0.000000E+00,  0.000000E+00,  0.000000E+00
  2.145000E+03,  1.999652E-12,  0.000000E+00,  0.000000E+00,  0.000000E+00
  2.155000E+03,  1.937757E-12,  0.000000E+00,  0.000000E+00,  0.000000E+00
  2.165000E+03,  1.591889E-12,  0.000000E+00,  0.000000E+00,  0.000000E+00
  2.175000E+03,  1.616512E-12,  0.000000E+00,  0.000000E+00,  0.000000E+00
  2.185000E+03,  2.425108E-12,  0.000000E+00,  0.000000E+00,  0.000000E+00
  2.195000E+03,  2.342599E-12,  0.000000E+00,  0.000000E+00,  0.000000E+00
  2.205000E+03,  2.195167E-12,  0.000000E+00,  0.000000E+00,  0.000000E+00
  2.215000E+03,  1.478144E-12,  0.000000E+00,  0.000000E+00,  0.000000E+00
  2.225000E+03,  2.055764E-12,  0.000000E+00,  0.000000E+00,  0.000000E+00
  2.235000E+03,  2.993246E-12,  0.000000E+00,  0.000000E+00,  0.000000E+00
  2.245000E+03,  2.795957E-12,  0.000000E+00,  0.000000E+00,  0.000000E+00
  2.255000E+03,  1.899850E-12,  0.000000E+00,  0.000000E+00,  0.000000E+00
  2.265000E+03,  1.593035E-12,  0.000000E+00,  0.000000E+00,  0.000000E+00
  2.275000E+03,  1.857659E-12,  0.000000E+00,  0.000000E+00,  0.000000E+00
  2.285000E+03,  2.821269E-12,  0.000000E+00,  0.000000E+00,  0.000000E+00
  2.295000E+03,  2.019553E-12,  0.000000E+00,  0.000000E+00,  0.000000E+00
  2.305000E+03,  2.815823E-12,  0.000000E+00,  0.000000E+00,  0.000000E+00
  2.315000E+03,  2.300215E-12,  0.000000E+00,  0.000000E+00,  0.000000E+00
  2.325000E+03,  2.107899E-12,  0.000000E+00,  0.000000E+00,  0.000000E+00
  2.335000E+03,  1.512944E-12,  0.000000E+00,  0.000000E+00,  0.000000E+00
  2.345000E+03,  8.657647E-13,  0.000000E+00,  0.000000E+00,  0.000000E+00
  2.355000E+03,  2.191217E-12,  0.000000E+00,  0.000000E+00,  0.000000E+00
  2.365000E+03,  1.035978E-12,  0.000000E+00,  0.000000E+00,  0.000000E+00
  2.375000E+03,  1.478078E-12,  0.000000E+00,  0.000000E+00,  0.000000E+00
  2.385000E+03,  7.289468E-13,  0.000000E+00,  0.000000E+00,  0.000000E+00
  2.395000E+03,  1.010483E-12,  0.000000E+00,  0.000000E+00,  0.000000E+00
  2.405000E+03,  1.022666E-12,  0.000000E+00,  0.000000E+00,  0.000000E+00
  2.415000E+03,  1.297692E-12,  0.000000E+00,  0.000000E+00,  0.000000E+00
  2.425000E+03,  2.704087E-12,  0.000000E+00,  0.000000E+00,  0.000000E+00
  2.435000E+03,  2.663640E-12,  0.000000E+00,  0.000000E+00,  0.000000E+00
  2.445000E+03,  3.417545E-12,  0.000000E+00,  0.000000E+00,  0.000000E+00
  2.455000E+03,  3.662127E-12,  0.000000E+00,  0.000000E+00,  0.000000E+00
  2.465000E+03,  3.008537E-12,  0.000000E+00,  0.000000E+00,  0.000000E+00
  2.475000E+03,  2.541457E-12,  0.000000E+00,  0.000000E+00,  0.000000E+00
  2.485000E+03,  1.107834E-12,  0.000000E+00,  0.000000E+00,  0.000000E+00
  2.495000E+03,  1.762088E-12,  0.000000E+00,  0.000000E+00,  0.000000E+00
  2.505000E+03,  2.786453E-12,  0.000000E+00,  0.000000E+00,  0.000000E+00
  2.513000E+03,  1.154408E-12,  0.000000E+00,  0.000000E+00,  0.000000E+00
  2.518000E+03,  7.514802E-13,  0.000000E+00,  0.000000E+00,  0.000000E+00
  2.525000E+03,  8.027189E-13,  0.000000E+00,  0.000000E+00,  0.000000E+00
  2.535000E+03,  1.118538E-12,  0.000000E+00,  0.000000E+00,  0.000000E+00
  2.545000E+03,  1.431812E-12,  0.000000E+00,  0.000000E+00,  0.000000E+00
  2.555000E+03,  3.325826E-12,  0.000000E+00,  0.000000E+00,  0.000000E+00
  2.565000E+03,  2.786961E-12,  0.000000E+00,  0.000000E+00,  0.000000E+00
  2.575000E+03,  4.119450E-12,  0.000000E+00,  0.000000E+00,  0.000000E+00
  2.585000E+03,  3.630484E-12,  0.000000E+00,  0.000000E+00,  0.000000E+00
  2.595000E+03,  3.158298E-12,  0.000000E+00,  0.000000E+00,  0.000000E+00
  2.605000E+03,  2.439240E-12,  0.000000E+00,  0.000000E+00,  0.000000E+00
  2.615000E+03,  2.203339E-12,  0.000000E+00,  0.000000E+00,  0.000000E+00
  2.625000E+03,  3.257878E-12,  0.000000E+00,  0.000000E+00,  0.000000E+00
  2.635000E+03,  6.788392E-12,  0.000000E+00,  0.000000E+00,  0.000000E+00
  2.645000E+03,  9.338951E-12,  0.000000E+00,  0.000000E+00,  0.000000E+00
  2.655000E+03,  1.303274E-11,  0.000000E+00,  0.000000E+00,  0.000000E+00
  2.665000E+03,  7.755109E-12,  0.000000E+00,  0.000000E+00,  0.000000E+00
  2.675000E+03,  9.130921E-12,  0.000000E+00,  0.000000E+00,  0.000000E+00
  2.685000E+03,  1.090808E-11,  0.000000E+00,  0.000000E+00,  0.000000E+00
  2.695000E+03,  7.496263E-12,  0.000000E+00,  0.000000E+00,  0.000000E+00
  2.705000E+03,  9.590664E-12,  0.000000E+00,  0.000000E+00,  0.000000E+00
  2.715000E+03,  6.401350E-12,  0.000000E+00,  0.000000E+00,  0.000000E+00
  2.725000E+03,  4.748364E-12,  0.000000E+00,  0.000000E+00,  0.000000E+00
  2.735000E+03,  6.224850E-12,  0.000000E+00,  0.000000E+00,  0.000000E+00
  2.745000E+03,  3.112233E-12,  0.000000E+00,  0.000000E+00,  0.000000E+00
  2.755000E+03,  4.702180E-12,  0.000000E+00,  0.000000E+00,  0.000000E+00
  2.765000E+03,  6.574512E-12,  0.000000E+00,  0.000000E+00,  0.000000E+00
  2.775000E+03,  6.784800E-12,  0.000000E+00,  0.000000E+00,  0.000000E+00
  2.785000E+03,  3.320977E-12,  0.000000E+00,  0.000000E+00,  0.000000E+00
  2.795000E+03,  1.310815E-12,  0.000000E+00,  0.000000E+00,  0.000000E+00
  2.805000E+03,  1.657746E-12,  0.000000E+00,  0.000000E+00,  0.000000E+00
  2.815000E+03,  5.736730E-12,  0.000000E+00,  0.000000E+00,  0.000000E+00
  2.825000E+03,  9.454940E-12,  0.000000E+00,  0.000000E+00,  0.000000E+00
  2.835000E+03,  8.422692E-12,  0.000000E+00,  0.000000E+00,  0.000000E+00
  2.845000E+03,  4.707623E-12,  0.000000E+00,  0.000000E+00,  0.000000E+00
  2.855000E+03,  2.140398E-12,  0.000000E+00,  0.000000E+00,  0.000000E+00
  2.865000E+03,  7.195801E-12,  0.000000E+00,  0.000000E+00,  0.000000E+00
  2.875000E+03,  1.133744E-11,  0.000000E+00,  0.000000E+00,  0.000000E+00
  2.885000E+03,  9.991042E-12,  0.000000E+00,  0.000000E+00,  0.000000E+00
  2.895000E+03,  1.271557E-11,  0.000000E+00,  0.000000E+00,  0.000000E+00
  2.910000E+03,  1.697192E-11,  0.000000E+00,  0.000000E+00,  0.000000E+00
  2.930000E+03,  1.496597E-11,  0.000000E+00,  0.000000E+00,  0.000000E+00
  2.950000E+03,  1.436293E-11,  0.000000E+00,  0.000000E+00,  0.000000E+00
  2.970000E+03,  1.516126E-11,  0.000000E+00,  0.000000E+00,  0.000000E+00
  2.990000E+03,  1.503467E-11,  0.000000E+00,  0.000000E+00,  0.000000E+00
  3.010000E+03,  1.517645E-11,  0.000000E+00,  0.000000E+00,  0.000000E+00
  3.030000E+03,  1.637603E-11,  0.000000E+00,  0.000000E+00,  0.000000E+00
  3.050000E+03,  1.708344E-11,  0.000000E+00,  0.000000E+00,  0.000000E+00
  3.070000E+03,  1.761879E-11,  0.000000E+00,  0.000000E+00,  0.000000E+00
  3.090000E+03,  1.651092E-11,  0.000000E+00,  0.000000E+00,  0.000000E+00
  3.110000E+03,  1.847804E-11,  0.000000E+00,  0.000000E+00,  0.000000E+00
  3.130000E+03,  1.753604E-11,  0.000000E+00,  0.000000E+00,  0.000000E+00
  3.150000E+03,  1.666829E-11,  0.000000E+00,  0.000000E+00,  0.000000E+00
  3.170000E+03,  1.816190E-11,  0.000000E+00,  0.000000E+00,  0.000000E+00
  3.190000E+03,  1.620539E-11,  0.000000E+00,  0.000000E+00,  0.000000E+00
  3.210000E+03,  1.802352E-11,  0.000000E+00,  0.000000E+00,  0.000000E+00
  3.230000E+03,  1.502008E-11,  0.000000E+00,  0.000000E+00,  0.000000E+00
  3.250000E+03,  2.044891E-11,  0.000000E+00,  0.000000E+00,  0.000000E+00
  3.270000E+03,  2.401504E-11,  0.000000E+00,  0.000000E+00,  0.000000E+00
  3.290000E+03,  2.320586E-11,  0.000000E+00,  0.000000E+00,  0.000000E+00
  3.310000E+03,  2.216413E-11,  0.000000E+00,  0.000000E+00,  0.000000E+00
  3.330000E+03,  2.236038E-11,  0.000000E+00,  0.000000E+00,  0.000000E+00
  3.350000E+03,  2.172499E-11,  0.000000E+00,  0.000000E+00,  0.000000E+00
  3.370000E+03,  1.667965E-11,  0.000000E+00,  0.000000E+00,  0.000000E+00
  3.390000E+03,  1.947339E-11,  0.000000E+00,  0.000000E+00,  0.000000E+00
  3.410000E+03,  1.987184E-11,  0.000000E+00,  0.000000E+00,  0.000000E+00
  3.430000E+03,  2.100802E-11,  0.000000E+00,  0.000000E+00,  0.000000E+00
  3.450000E+03,  2.164572E-11,  0.000000E+00,  0.000000E+00,  0.000000E+00
  3.470000E+03,  2.243809E-11,  0.000000E+00,  0.000000E+00,  0.000000E+00
  3.490000E+03,  2.431182E-11,  0.000000E+00,  0.000000E+00,  0.000000E+00
  3.510000E+03,  2.539843E-11,  0.000000E+00,  0.000000E+00,  0.000000E+00
  3.530000E+03,  2.346524E-11,  0.000000E+00,  0.000000E+00,  0.000000E+00
  3.550000E+03,  2.729076E-11,  0.000000E+00,  0.000000E+00,  0.000000E+00
  3.570000E+03,  2.049905E-11,  0.000000E+00,  0.000000E+00,  0.000000E+00
  3.590000E+03,  2.052200E-11,  0.000000E+00,  0.000000E+00,  0.000000E+00
  3.610000E+03,  2.316134E-11,  0.000000E+00,  0.000000E+00,  0.000000E+00
  3.630000E+03,  2.342873E-11,  0.000000E+00,  0.000000E+00,  0.000000E+00
  3.640000E+03,  2.378176E-11,  0.000000E+00,  0.000000E+00,  0.000000E+00
  3.650000E+03,  2.689845E-11,  0.000000E+00,  0.000000E+00,  0.000000E+00
  3.670000E+03,  2.758796E-11,  0.000000E+00,  0.000000E+00,  0.000000E+00
  3.690000E+03,  2.638271E-11,  0.000000E+00,  0.000000E+00,  0.000000E+00
  3.710000E+03,  2.755083E-11,  0.000000E+00,  0.000000E+00,  0.000000E+00
  3.730000E+03,  2.089164E-11,  0.000000E+00,  0.000000E+00,  0.000000E+00
  3.750000E+03,  2.339355E-11,  0.000000E+00,  0.000000E+00,  0.000000E+00
  3.770000E+03,  2.771675E-11,  0.000000E+00,  0.000000E+00,  0.000000E+00
  3.790000E+03,  2.895438E-11,  0.000000E+00,  0.000000E+00,  0.000000E+00
  3.810000E+03,  2.870361E-11,  0.000000E+00,  0.000000E+00,  0.000000E+00
  3.830000E+03,  1.813007E-11,  0.000000E+00,  0.000000E+00,  0.000000E+00
  3.850000E+03,  2.447267E-11,  0.000000E+00,  0.000000E+00,  0.000000E+00
  3.870000E+03,  2.392364E-11,  0.000000E+00,  0.000000E+00,  0.000000E+00
  3.890000E+03,  2.612841E-11,  0.000000E+00,  0.000000E+00,  0.000000E+00
  3.910000E+03,  3.032222E-11,  0.000000E+00,  0.000000E+00,  0.000000E+00
  3.930000E+03,  1.638393E-11,  0.000000E+00,  0.000000E+00,  0.000000E+00
  3.950000E+03,  2.746194E-11,  0.000000E+00,  0.000000E+00,  0.000000E+00
  3.970000E+03,  1.899124E-11,  0.000000E+00,  0.000000E+00,  0.000000E+00
  3.990000E+03,  3.612608E-11,  0.000000E+00,  0.000000E+00,  0.000000E+00
  4.010000E+03,  3.848884E-11,  0.000000E+00,  0.000000E+00,  0.000000E+00
  4.030000E+03,  3.818019E-11,  0.000000E+00,  0.000000E+00,  0.000000E+00
  4.050000E+03,  3.684468E-11,  0.000000E+00,  0.000000E+00,  0.000000E+00
  4.070000E+03,  3.582147E-11,  0.000000E+00,  0.000000E+00,  0.000000E+00
  4.090000E+03,  4.015746E-11,  0.000000E+00,  0.000000E+00,  0.000000E+00
  4.110000E+03,  3.840563E-11,  0.000000E+00,  0.000000E+00,  0.000000E+00
  4.130000E+03,  3.948139E-11,  0.000000E+00,  0.000000E+00,  0.000000E+00
  4.150000E+03,  3.950471E-11,  0.000000E+00,  0.000000E+00,  0.000000E+00
  4.170000E+03,  3.985832E-11,  0.000000E+00,  0.000000E+00,  0.000000E+00
  4.190000E+03,  3.780529E-11,  0.000000E+00,  0.000000E+00,  0.000000E+00
  4.210000E+03,  3.825786E-11,  0.000000E+00,  0.000000E+00,  0.000000E+00
  4.230000E+03,  3.646317E-11,  0.000000E+00,  0.000000E+00,  0.000000E+00
  4.250000E+03,  3.701082E-11,  0.000000E+00,  0.000000E+00,  0.000000E+00
  4.270000E+03,  3.468125E-11,  0.000000E+00,  0.000000E+00,  0.000000E+00
  4.290000E+03,  3.165109E-11,  0.000000E+00,  0.000000E+00,  0.000000E+00
  4.310000E+03,  2.644500E-11,  0.000000E+00,  0.000000E+00,  0.000000E+00
  4.330000E+03,  3.768548E-11,  0.000000E+00,  0.000000E+00,  0.000000E+00
  4.350000E+03,  3.580390E-11,  0.000000E+00,  0.000000E+00,  0.000000E+00
  4.370000E+03,  3.959276E-11,  0.000000E+00,  0.000000E+00,  0.000000E+00
  4.390000E+03,  3.630393E-11,  0.000000E+00,  0.000000E+00,  0.000000E+00
  4.410000E+03,  3.897795E-11,  0.000000E+00,  0.000000E+00,  0.000000E+00
  4.430000E+03,  4.149752E-11,  0.000000E+00,  0.000000E+00,  0.000000E+00
  4.450000E+03,  4.099931E-11,  0.000000E+00,  0.000000E+00,  0.000000E+00
  4.470000E+03,  4.291928E-11,  0.000000E+00,  0.000000E+00,  0.000000E+00
  4.490000E+03,  4.338065E-11,  0.000000E+00,  0.000000E+00,  0.000000E+00
  4.510000E+03,  4.693466E-11,  0.000000E+00,  0.000000E+00,  0.000000E+00
  4.530000E+03,  4.291679E-11,  0.000000E+00,  0.000000E+00,  0.000000E+00
  4.550000E+03,  4.416823E-11,  0.000000E+00,  0.000000E+00,  0.000000E+00
  4.570000E+03,  4.658553E-11,  0.000000E+00,  0.000000E+00,  0.000000E+00
  4.590000E+03,  4.423582E-11,  0.000000E+00,  0.000000E+00,  0.000000E+00
  4.610000E+03,  4.516650E-11,  0.000000E+00,  0.000000E+00,  0.000000E+00
  4.630000E+03,  4.460862E-11,  0.000000E+00,  0.000000E+00,  0.000000E+00
  4.650000E+03,  4.493250E-11,  0.000000E+00,  0.000000E+00,  0.000000E+00
  4.670000E+03,  4.595461E-11,  0.000000E+00,  0.000000E+00,  0.000000E+00
  4.690000E+03,  4.511605E-11,  0.000000E+00,  0.000000E+00,  0.000000E+00
  4.710000E+03,  4.352070E-11,  0.000000E+00,  0.000000E+00,  0.000000E+00
  4.730000E+03,  4.533653E-11,  0.000000E+00,  0.000000E+00,  0.000000E+00
  4.750000E+03,  4.587422E-11,  0.000000E+00,  0.000000E+00,  0.000000E+00
  4.770000E+03,  4.585553E-11,  0.000000E+00,  0.000000E+00,  0.000000E+00
  4.790000E+03,  4.559337E-11,  0.000000E+00,  0.000000E+00,  0.000000E+00
  4.810000E+03,  4.521144E-11,  0.000000E+00,  0.000000E+00,  0.000000E+00
  4.830000E+03,  4.562053E-11,  0.000000E+00,  0.000000E+00,  0.000000E+00
  4.850000E+03,  4.305596E-11,  0.000000E+00,  0.000000E+00,  0.000000E+00
  4.870000E+03,  3.840545E-11,  0.000000E+00,  0.000000E+00,  0.000000E+00
  4.890000E+03,  4.353024E-11,  0.000000E+00,  0.000000E+00,  0.000000E+00
  4.910000E+03,  4.353070E-11,  0.000000E+00,  0.000000E+00,  0.000000E+00
  4.930000E+03,  4.265264E-11,  0.000000E+00,  0.000000E+00,  0.000000E+00
  4.950000E+03,  4.409263E-11,  0.000000E+00,  0.000000E+00,  0.000000E+00
  4.970000E+03,  4.457890E-11,  0.000000E+00,  0.000000E+00,  0.000000E+00
  4.990000E+03,  4.182820E-11,  0.000000E+00,  0.000000E+00,  0.000000E+00
  5.010000E+03,  4.023778E-11,  0.000000E+00,  0.000000E+00,  0.000000E+00
  5.030000E+03,  4.237240E-11,  0.000000E+00,  0.000000E+00,  0.000000E+00
  5.050000E+03,  4.223141E-11,  0.000000E+00,  0.000000E+00,  0.000000E+00
  5.070000E+03,  4.369653E-11,  0.000000E+00,  0.000000E+00,  0.000000E+00
  5.090000E+03,  4.218014E-11,  0.000000E+00,  0.000000E+00,  0.000000E+00
  5.110000E+03,  4.272235E-11,  0.000000E+00,  0.000000E+00,  0.000000E+00
  5.130000E+03,  4.181102E-11,  0.000000E+00,  0.000000E+00,  0.000000E+00
  5.150000E+03,  4.043520E-11,  0.000000E+00,  0.000000E+00,  0.000000E+00
  5.170000E+03,  3.671174E-11,  0.000000E+00,  0.000000E+00,  0.000000E+00
  5.190000E+03,  3.711162E-11,  0.000000E+00,  0.000000E+00,  0.000000E+00
  5.210000E+03,  4.036466E-11,  1.210940E-13,  0.000000E+00,  0.000000E+00
  5.230000E+03,  4.096728E-11,  3.687055E-13,  0.000000E+00,  0.000000E+00
  5.250000E+03,  4.212085E-11,  6.318128E-13,  0.000000E+00,  0.000000E+00
  5.270000E+03,  3.772231E-11,  7.921684E-13,  0.000000E+00,  0.000000E+00
  5.290000E+03,  4.167287E-11,  1.125168E-12,  0.000000E+00,  0.000000E+00
  5.310000E+03,  4.279111E-11,  1.412107E-12,  0.000000E+00,  0.000000E+00
  5.330000E+03,  3.911373E-11,  1.525436E-12,  0.000000E+00,  0.000000E+00
  5.350000E+03,  4.160198E-11,  1.872089E-12,  0.000000E+00,  0.000000E+00
  5.370000E+03,  4.143274E-11,  2.113070E-12,  0.000000E+00,  0.000000E+00
  5.390000E+03,  4.102314E-11,  2.338319E-12,  0.000000E+00,  0.000000E+00
  5.410000E+03,  3.974162E-11,  2.821655E-12,  0.000000E+00,  0.000000E+00
  5.430000E+03,  4.065918E-11,  3.781304E-12,  0.000000E+00,  0.000000E+00
  5.450000E+03,  4.145227E-11,  4.767011E-12,  0.000000E+00,  0.000000E+00
  5.470000E+03,  4.079271E-11,  5.588601E-12,  0.000000E+00,  0.000000E+00
  5.490000E+03,  4.058108E-11,  6.452392E-12,  0.000000E+00,  0.000000E+00
  5.510000E+03,  4.056636E-11,  7.342511E-12,  0.000000E+00,  0.000000E+00
  5.530000E+03,  4.072320E-11,  8.266810E-12,  0.000000E+00,  0.000000E+00
  5.550000E+03,  4.114307E-11,  9.257190E-12,  0.000000E+00,  0.000000E+00
  5.570000E+03,  3.999505E-11,  9.878777E-12,  0.000000E+00,  0.000000E+00
  5.590000E+03,  3.924494E-11,  1.055689E-11,  0.000000E+00,  0.000000E+00
  5.610000E+03,  4.016120E-11,  1.168691E-11,  0.000000E+00,  0.000000E+00
  5.630000E+03,  4.036312E-11,  1.263366E-11,  0.000000E+00,  0.000000E+00
  5.650000E+03,  4.022341E-11,  1.347484E-11,  0.000000E+00,  0.000000E+00
  5.670000E+03,  3.935541E-11,  1.404988E-11,  0.000000E+00,  0.000000E+00
  5.690000E+03,  3.978473E-11,  1.507841E-11,  0.000000E+00,  0.000000E+00
  5.710000E+03,  3.904918E-11,  1.565872E-11,  0.000000E+00,  0.000000E+00
  5.730000E+03,  4.091208E-11,  1.730581E-11,  0.000000E+00,  0.000000E+00
  5.750000E+03,  3.979573E-11,  1.770910E-11,  0.000000E+00,  0.000000E+00
  5.770000E+03,  4.004074E-11,  1.869903E-11,  0.000000E+00,  0.000000E+00
  5.790000E+03,  3.911995E-11,  1.912965E-11,  0.000000E+00,  0.000000E+00
  5.810000E+03,  3.973080E-11,  2.024284E-11,  0.000000E+00,  0.000000E+00
  5.830000E+03,  4.004785E-11,  2.116529E-11,  0.000000E+00,  0.000000E+00
  5.850000E+03,  3.922726E-11,  2.147692E-11,  0.000000E+00,  0.000000E+00
  5.870000E+03,  3.921592E-11,  2.221582E-11,  0.000000E+00,  0.000000E+00
  5.890000E+03,  3.662839E-11,  2.144592E-11,  0.000000E+00,  0.000000E+00
  5.910000E+03,  3.878893E-11,  2.344791E-11,  0.000000E+00,  0.000000E+00
  5.930000E+03,  3.864872E-11,  2.409748E-11,  0.000000E+00,  0.000000E+00
  5.950000E+03,  3.865188E-11,  2.483384E-11,  0.000000E+00,  0.000000E+00
  5.970000E+03,  3.861880E-11,  2.554634E-11,  0.000000E+00,  0.000000E+00
  5.990000E+03,  3.825991E-11,  2.603587E-11,  0.000000E+00,  0.000000E+00
  6.010000E+03,  3.768489E-11,  2.619100E-11,  0.000000E+00,  0.000000E+00
  6.030000E+03,  3.766220E-11,  2.655185E-11,  0.000000E+00,  0.000000E+00
  6.050000E+03,  3.819444E-11,  2.730902E-11,  0.000000E+00,  0.000000E+00
  6.070000E+03,  3.792242E-11,  2.749375E-11,  0.000000E+00,  0.000000E+00
  6.090000E+03,  3.722155E-11,  2.735784E-11,  0.000000E+00,  0.000000E+00
  6.110000E+03,  3.686354E-11,  2.746334E-11,  0.000000E+00,  0.000000E+00
  6.130000E+03,  3.567955E-11,  2.693806E-11,  0.000000E+00,  0.000000E+00
  6.150000E+03,  3.605999E-11,  2.758589E-11,  0.000000E+00,  0.000000E+00
  6.170000E+03,  3.498936E-11,  2.711675E-11,  0.000000E+00,  0.000000E+00
  6.190000E+03,  3.644832E-11,  2.861193E-11,  0.000000E+00,  0.000000E+00
  6.210000E+03,  3.646472E-11,  2.897122E-11,  0.000000E+00,  0.000000E+00
  6.230000E+03,  3.561237E-11,  2.861454E-11,  0.000000E+00,  0.000000E+00
  6.250000E+03,  3.467072E-11,  2.816996E-11,  0.000000E+00,  0.000000E+00
  6.270000E+03,  3.586001E-11,  2.945900E-11,  0.000000E+00,  0.000000E+00
  6.290000E+03,  3.590052E-11,  2.981539E-11,  0.000000E+00,  0.000000E+00
  6.310000E+03,  3.494845E-11,  2.933922E-11,  0.000000E+00,  0.000000E+00
  6.330000E+03,  3.502015E-11,  2.971459E-11,  0.000000E+00,  0.000000E+00
  6.350000E+03,  3.505777E-11,  3.006204E-11,  0.000000E+00,  0.000000E+00
  6.370000E+03,  3.488429E-11,  3.022724E-11,  0.000000E+00,  0.000000E+00
  6.390000E+03,  3.496014E-11,  3.060760E-11,  0.000000E+00,  0.000000E+00
  6.410000E+03,  3.419079E-11,  3.019046E-11,  0.000000E+00,  0.000000E+00
  6.430000E+03,  3.443411E-11,  3.061193E-11,  0.000000E+00,  0.000000E+00
  6.450000E+03,  3.400339E-11,  3.043304E-11,  0.000000E+00,  0.000000E+00
  6.470000E+03,  3.387604E-11,  3.052231E-11,  0.000000E+00,  0.000000E+00
  6.490000E+03,  3.340342E-11,  3.029691E-11,  0.000000E+00,  0.000000E+00
  6.510000E+03,  3.398363E-11,  3.102706E-11,  0.000000E+00,  0.000000E+00
  6.530000E+03,  3.391014E-11,  3.116342E-11,  0.000000E+00,  0.000000E+00
  6.550000E+03,  3.278746E-11,  3.032840E-11,  0.000000E+00,  0.000000E+00
  6.570000E+03,  2.935914E-11,  2.733336E-11,  0.000000E+00,  0.000000E+00
  6.590000E+03,  3.307041E-11,  3.098697E-11,  0.000000E+00,  0.000000E+00
  6.610000E+03,  3.344823E-11,  3.150823E-11,  0.000000E+00,  0.000000E+00
  6.630000E+03,  3.321122E-11,  3.141782E-11,  0.000000E+00,  0.000000E+00
  6.650000E+03,  3.307870E-11,  3.142477E-11,  0.000000E+00,  0.000000E+00
  6.670000E+03,  3.268270E-11,  3.117930E-11,  0.000000E+00,  0.000000E+00
  6.690000E+03,  3.299490E-11,  3.160912E-11,  0.000000E+00,  0.000000E+00
  6.710000E+03,  3.241905E-11,  3.118713E-11,  0.000000E+00,  0.000000E+00
  6.730000E+03,  3.262063E-11,  3.151153E-11,  0.000000E+00,  0.000000E+00
  6.750000E+03,  3.226401E-11,  3.129609E-11,  0.000000E+00,  0.000000E+00
  6.770000E+03,  3.218325E-11,  3.134648E-11,  0.000000E+00,  0.000000E+00
  6.790000E+03,  3.202466E-11,  3.132012E-11,  0.000000E+00,  0.000000E+00
  6.810000E+03,  3.178776E-11,  3.118380E-11,  0.000000E+00,  0.000000E+00
  6.830000E+03,  3.185829E-11,  3.131670E-11,  0.000000E+00,  0.000000E+00
  6.850000E+03,  3.126531E-11,  3.079633E-11,  0.000000E+00,  0.000000E+00
  6.870000E+03,  3.142056E-11,  3.101209E-11,  0.000000E+00,  0.000000E+00
  6.890000E+03,  3.137966E-11,  3.103449E-11,  0.000000E+00,  0.000000E+00
  6.910000E+03,  3.114626E-11,  3.086595E-11,  0.000000E+00,  0.000000E+00
  6.930000E+03,  3.100472E-11,  3.078769E-11,  0.000000E+00,  0.000000E+00
  6.950000E+03,  3.083694E-11,  3.068276E-11,  0.000000E+00,  0.000000E+00
  6.970000E+03,  3.077258E-11,  3.068026E-11,  0.000000E+00,  0.000000E+00
  6.990000E+03,  3.061905E-11,  3.058843E-11,  0.000000E+00,  0.000000E+00
  7.010000E+03,  2.987964E-11,  2.979000E-11,  0.000000E+00,  0.000000E+00
  7.030000E+03,  3.017375E-11,  2.990219E-11,  0.000000E+00,  0.000000E+00
  7.050000E+03,  3.018644E-11,  2.973364E-11,  0.000000E+00,  0.000000E+00
  7.070000E+03,  2.992107E-11,  2.929273E-11,  0.000000E+00,  0.000000E+00
  7.090000E+03,  2.975498E-11,  2.895160E-11,  0.000000E+00,  0.000000E+00
  7.110000E+03,  2.971160E-11,  2.873111E-11,  0.000000E+00,  0.000000E+00
  7.130000E+03,  2.931954E-11,  2.817608E-11,  0.000000E+00,  0.000000E+00
  7.150000E+03,  2.910342E-11,  2.779377E-11,  0.000000E+00,  0.000000E+00
  7.170000E+03,  2.901146E-11,  2.753188E-11,  0.000000E+00,  0.000000E+00
  7.190000E+03,  2.836908E-11,  2.675205E-11,  0.000000E+00,  0.000000E+00
  7.210000E+03,  2.869924E-11,  2.684813E-11,  0.000000E+00,  0.000000E+00
  7.230000E+03,  2.866639E-11,  2.655941E-11,  0.000000E+00,  0.000000E+00
  7.250000E+03,  2.869280E-11,  2.632564E-11,  0.000000E+00,  0.000000E+00
  7.270000E+03,  2.855847E-11,  2.594537E-11,  0.000000E+00,  0.000000E+00
  7.290000E+03,  2.790029E-11,  2.509631E-11,  0.000000E+00,  0.000000E+00
  7.310000E+03,  2.818404E-11,  2.509789E-11,  0.000000E+00,  0.000000E+00
  7.330000E+03,  2.801246E-11,  2.469299E-11,  0.000000E+00,  0.000000E+00
  7.350000E+03,  2.804353E-11,  2.446798E-11,  0.000000E+00,  0.000000E+00
  7.370000E+03,  2.798743E-11,  2.416714E-11,  0.000000E+00,  0.000000E+00
  7.390000E+03,  2.738087E-11,  2.339695E-11,  0.000000E+00,  0.000000E+00
  7.410000E+03,  2.700315E-11,  2.279066E-11,  0.000000E+00,  0.000000E+00
  7.430000E+03,  2.720913E-11,  2.263799E-11,  0.000000E+00,  0.000000E+00
  7.450000E+03,  2.719303E-11,  2.229829E-11,  0.000000E+00,  0.000000E+00
  7.470000E+03,  2.728420E-11,  2.204563E-11,  0.000000E+00,  0.000000E+00
  7.490000E+03,  2.700156E-11,  2.149325E-11,  0.000000E+00,  0.000000E+00
  7.510000E+03,  2.695322E-11,  2.113132E-11,  0.000000E+00,  0.000000E+00
  7.530000E+03,  2.689885E-11,  2.076591E-11,  0.000000E+00,  0.000000E+00
  7.550000E+03,  2.688269E-11,  2.043085E-11,  0.000000E+00,  0.000000E+00
  7.570000E+03,  2.661119E-11,  1.990517E-11,  0.000000E+00,  0.000000E+00
  7.590000E+03,  2.650516E-11,  1.950780E-11,  0.000000E+00,  0.000000E+00
  7.610000E+03,  2.632986E-11,  1.901016E-11,  0.000000E+00,  0.000000E+00
  7.630000E+03,  2.635114E-11,  1.860390E-11,  0.000000E+00,  0.000000E+00
  7.650000E+03,  2.620274E-11,  1.807989E-11,  0.000000E+00,  0.000000E+00
  7.670000E+03,  2.559683E-11,  1.725226E-11,  0.000000E+00,  0.000000E+00
  7.690000E+03,  2.593186E-11,  1.706316E-11,  0.000000E+00,  0.000000E+00
  7.710000E+03,  2.563269E-11,  1.645619E-11,  0.000000E+00,  0.000000E+00
  7.730000E+03,  2.561810E-11,  1.603693E-11,  0.000000E+00,  0.000000E+00
  7.750000E+03,  2.529710E-11,  1.543123E-11,  0.000000E+00,  0.000000E+00
  7.770000E+03,  2.548169E-11,  1.513613E-11,  0.000000E+00,  0.000000E+00
  7.790000E+03,  2.544417E-11,  1.470673E-11,  0.000000E+00,  0.000000E+00
  7.810000E+03,  2.528293E-11,  1.422165E-11,  0.000000E+00,  0.000000E+00
  7.830000E+03,  2.499536E-11,  1.368496E-11,  0.000000E+00,  0.000000E+00
  7.850000E+03,  2.493305E-11,  1.327685E-11,  0.000000E+00,  0.000000E+00
  7.870000E+03,  2.502200E-11,  1.294889E-11,  0.000000E+00,  0.000000E+00
  7.890000E+03,  2.486344E-11,  1.249388E-11,  0.000000E+00,  0.000000E+00
  7.910000E+03,  2.456338E-11,  1.197465E-11,  0.000000E+00,  0.000000E+00
  7.930000E+03,  2.411502E-11,  1.139435E-11,  0.000000E+00,  0.000000E+00
  7.950000E+03,  2.410223E-11,  1.102677E-11,  0.000000E+00,  0.000000E+00
  7.970000E+03,  2.436755E-11,  1.078264E-11,  0.000000E+00,  0.000000E+00
  7.990000E+03,  2.430456E-11,  1.039020E-11,  0.000000E+00,  0.000000E+00
  8.010000E+03,  2.398750E-11,  9.942817E-12,  0.000000E+00,  0.000000E+00
  8.030000E+03,  2.390953E-11,  9.647495E-12,  0.000000E+00,  0.000000E+00
  8.050000E+03,  2.369385E-11,  9.299838E-12,  0.000000E+00,  0.000000E+00
  8.070000E+03,  2.378971E-11,  9.075774E-12,  0.000000E+00,  0.000000E+00
  8.090000E+03,  2.339770E-11,  8.668848E-12,  0.000000E+00,  0.000000E+00
  8.110000E+03,  2.352054E-11,  8.455634E-12,  0.000000E+00,  0.000000E+00
  8.130000E+03,  2.352740E-11,  8.199298E-12,  0.000000E+00,  0.000000E+00
  8.150000E+03,  2.336463E-11,  7.885563E-12,  0.000000E+00,  0.000000E+00
  8.170000E+03,  2.325598E-11,  7.593077E-12,  0.000000E+00,  0.000000E+00
  8.190000E+03,  2.261830E-11,  7.136073E-12,  0.000000E+00,  0.000000E+00
  8.210000E+03,  2.265829E-11,  6.865462E-12,  0.000000E+00,  0.000000E+00
  8.230000E+03,  2.256219E-11,  6.520473E-12,  0.000000E+00,  0.000000E+00
  8.250000E+03,  2.266290E-11,  6.232298E-12,  0.000000E+00,  0.000000E+00
  8.270000E+03,  2.276364E-11,  5.941311E-12,  0.000000E+00,  0.000000E+00
  8.290000E+03,  2.261023E-11,  5.584726E-12,  0.000000E+00,  0.000000E+00
  8.310000E+03,  2.223371E-11,  5.180454E-12,  0.000000E+00,  0.000000E+00
  8.330000E+03,  2.204060E-11,  4.826892E-12,  0.000000E+00,  0.000000E+00
  8.350000E+03,  2.212169E-11,  4.534947E-12,  0.000000E+00,  0.000000E+00
  8.370000E+03,  2.214914E-11,  4.230485E-12,  0.000000E+00,  0.000000E+00
  8.390000E+03,  2.176138E-11,  3.851765E-12,  0.000000E+00,  0.000000E+00
  8.410000E+03,  2.197783E-11,  3.670298E-12,  0.000000E+00,  0.000000E+00
  8.430000E+03,  2.159595E-11,  3.476949E-12,  0.000000E+00,  0.000000E+00
  8.450000E+03,  2.162393E-11,  3.351709E-12,  0.000000E+00,  0.000000E+00
  8.470000E+03,  2.145316E-11,  3.196520E-12,  0.000000E+00,  0.000000E+00
  8.490000E+03,  2.118499E-11,  3.029453E-12,  0.000000E+00,  0.000000E+00
  8.510000E+03,  2.027664E-11,  2.777899E-12,  0.000000E+00,  0.000000E+00
  8.530000E+03,  2.084450E-11,  2.730630E-12,  0.000000E+00,  0.000000E+00
  8.550000E+03,  1.809461E-11,  2.261827E-12,  0.000000E+00,  0.000000E+00
  8.570000E+03,  2.118365E-11,  2.520854E-12,  0.000000E+00,  0.000000E+00
  8.590000E+03,  2.081901E-11,  2.352548E-12,  0.000000E+00,  0.000000E+00
  8.610000E+03,  2.072661E-11,  2.228110E-12,  0.000000E+00,  0.000000E+00
  8.630000E+03,  2.086818E-11,  2.138989E-12,  0.000000E+00,  0.000000E+00
  8.650000E+03,  2.055498E-11,  2.004110E-12,  0.000000E+00,  0.000000E+00
  8.670000E+03,  1.797028E-11,  1.662251E-12,  0.000000E+00,  0.000000E+00
  8.690000E+03,  2.012570E-11,  1.760999E-12,  0.000000E+00,  0.000000E+00
  8.710000E+03,  2.038956E-11,  1.682139E-12,  0.000000E+00,  0.000000E+00
  8.730000E+03,  2.027245E-11,  1.571115E-12,  0.000000E+00,  0.000000E+00
  8.750000E+03,  1.978120E-11,  1.434137E-12,  0.000000E+00,  0.000000E+00
  8.770000E+03,  2.019514E-11,  1.363172E-12,  0.000000E+00,  0.000000E+00
  8.790000E+03,  2.006535E-11,  1.254084E-12,  0.000000E+00,  0.000000E+00
  8.810000E+03,  1.963831E-11,  1.158660E-12,  0.000000E+00,  0.000000E+00
  8.830000E+03,  1.983874E-11,  1.130808E-12,  0.000000E+00,  0.000000E+00
  8.850000E+03,  1.971961E-11,  1.084579E-12,  0.000000E+00,  0.000000E+00
  8.870000E+03,  1.910846E-11,  1.012748E-12,  0.000000E+00,  0.000000E+00
  8.890000E+03,  1.971422E-11,  1.005425E-12,  0.000000E+00,  0.000000E+00
  8.910000E+03,  1.970209E-11,  9.654025E-13,  0.000000E+00,  0.000000E+00
  8.930000E+03,  1.937754E-11,  9.107444E-13,  0.000000E+00,  0.000000E+00
  8.950000E+03,  1.936269E-11,  8.713209E-13,  0.000000E+00,  0.000000E+00
  8.970000E+03,  1.933666E-11,  8.314763E-13,  0.000000E+00,  0.000000E+00
  8.990000E+03,  1.930717E-11,  7.915938E-13,  0.000000E+00,  0.000000E+00
  9.010000E+03,  1.828024E-11,  7.129292E-13,  0.000000E+00,  0.000000E+00
  9.030000E+03,  1.888890E-11,  6.988894E-13,  0.000000E+00,  0.000000E+00
  9.050000E+03,  1.915647E-11,  6.704766E-13,  0.000000E+00,  0.000000E+00
  9.070000E+03,  1.881704E-11,  6.209623E-13,  0.000000E+00,  0.000000E+00
  9.090000E+03,  1.835861E-11,  5.691171E-13,  0.000000E+00,  0.000000E+00
  9.110000E+03,  1.853457E-11,  5.375025E-13,  0.000000E+00,  0.000000E+00
  9.130000E+03,  1.874683E-11,  5.061644E-13,  0.000000E+00,  0.000000E+00
  9.150000E+03,  1.859082E-11,  4.647706E-13,  0.000000E+00,  0.000000E+00
  9.170000E+03,  1.846966E-11,  4.248023E-13,  0.000000E+00,  0.000000E+00
  9.190000E+03,  1.846551E-11,  3.877757E-13,  0.000000E+00,  0.000000E+00
  9.210000E+03,  1.800242E-11,  3.510471E-13,  0.000000E+00,  0.000000E+00
  9.230000E+03,  1.735447E-11,  3.210577E-13,  0.000000E+00,  0.000000E+00
  9.250000E+03,  1.773441E-11,  3.103522E-13,  0.000000E+00,  0.000000E+00
  9.270000E+03,  1.795696E-11,  2.962898E-13,  0.000000E+00,  0.000000E+00
  9.290000E+03,  1.796643E-11,  2.784796E-13,  0.000000E+00,  0.000000E+00
  9.310000E+03,  1.798102E-11,  2.607248E-13,  0.000000E+00,  0.000000E+00
  9.330000E+03,  1.785957E-11,  2.411042E-13,  0.000000E+00,  0.000000E+00
  9.350000E+03,  1.776610E-11,  2.220762E-13,  0.000000E+00,  0.000000E+00
  9.370000E+03,  1.766929E-11,  2.031968E-13,  0.000000E+00,  0.000000E+00
  9.390000E+03,  1.761660E-11,  1.849742E-13,  0.000000E+00,  0.000000E+00
  9.410000E+03,  1.695838E-11,  1.611046E-13,  0.000000E+00,  0.000000E+00
  9.430000E+03,  1.735282E-11,  1.474990E-13,  0.000000E+00,  0.000000E+00
  9.450000E+03,  1.715706E-11,  1.286779E-13,  0.000000E+00,  0.000000E+00
  9.470000E+03,  1.732503E-11,  1.126127E-13,  0.000000E+00,  0.000000E+00
  9.490000E+03,  1.729838E-11,  9.514111E-14,  0.000000E+00,  0.000000E+00
  9.510000E+03,  1.716239E-11,  7.723075E-14,  0.000000E+00,  0.000000E+00
  9.530000E+03,  1.697728E-11,  5.942047E-14,  0.000000E+00,  0.000000E+00
  9.550000E+03,  1.620375E-11,  4.050937E-14,  0.000000E+00,  0.000000E+00
  9.570000E+03,  1.681100E-11,  2.521649E-14,  0.000000E+00,  0.000000E+00
  9.590000E+03,  1.691239E-11,  8.456195E-15,  0.000000E+00,  0.000000E+00
  9.610000E+03,  1.673432E-11,  0.000000E+00,  0.000000E+00,  0.000000E+00
  9.630000E+03,  1.658703E-11,  0.000000E+00,  0.000000E+00,  0.000000E+00
  9.650000E+03,  1.651675E-11,  0.000000E+00,  0.000000E+00,  0.000000E+00
  9.670000E+03,  1.641570E-11,  0.000000E+00,  0.000000E+00,  0.000000E+00
  9.690000E+03,  1.650086E-11,  0.000000E+00,  0.000000E+00,  0.000000E+00
  9.710000E+03,  1.644018E-11,  0.000000E+00,  0.000000E+00,  0.000000E+00
  9.730000E+03,  1.638030E-11,  0.000000E+00,  0.000000E+00,  0.000000E+00
  9.750000E+03,  1.619626E-11,  0.000000E+00,  0.000000E+00,  0.000000E+00
  9.770000E+03,  1.619384E-11,  0.000000E+00,  0.000000E+00,  0.000000E+00
  9.790000E+03,  1.608542E-11,  0.000000E+00,  0.000000E+00,  0.000000E+00
  9.810000E+03,  1.612295E-11,  0.000000E+00,  0.000000E+00,  0.000000E+00
  9.830000E+03,  1.602612E-11,  0.000000E+00,  0.000000E+00,  0.000000E+00
  9.850000E+03,  1.598929E-11,  0.000000E+00,  0.000000E+00,  0.000000E+00
  9.870000E+03,  1.584905E-11,  0.000000E+00,  0.000000E+00,  0.000000E+00
  9.890000E+03,  1.577512E-11,  0.000000E+00,  0.000000E+00,  0.000000E+00
  9.910000E+03,  1.567587E-11,  0.000000E+00,  0.000000E+00,  0.000000E+00
  9.930000E+03,  1.575219E-11,  0.000000E+00,  0.000000E+00,  0.000000E+00
  9.950000E+03,  1.568023E-11,  0.000000E+00,  0.000000E+00,  0.000000E+00
  9.970000E+03,  1.562112E-11,  0.000000E+00,  0.000000E+00,  0.000000E+00
  9.990000E+03,  1.553679E-11,  0.000000E+00,  0.000000E+00,  0.000000E+00
  1.002500E+04,  1.529940E-11,  0.000000E+00,  0.000000E+00,  0.000000E+00
  1.007500E+04,  1.495774E-11,  0.000000E+00,  0.000000E+00,  0.000000E+00
  1.012500E+04,  1.506607E-11,  0.000000E+00,  0.000000E+00,  0.000000E+00
  1.017500E+04,  1.481172E-11,  0.000000E+00,  0.000000E+00,  0.000000E+00
  1.022500E+04,  1.473775E-11,  0.000000E+00,  0.000000E+00,  0.000000E+00
  1.027500E+04,  1.464718E-11,  0.000000E+00,  0.000000E+00,  0.000000E+00
  1.032500E+04,  1.438619E-11,  0.000000E+00,  0.000000E+00,  0.000000E+00
  1.037500E+04,  1.425235E-11,  0.000000E+00,  0.000000E+00,  0.000000E+00
  1.042500E+04,  1.417649E-11,  0.000000E+00,  0.000000E+00,  0.000000E+00
  1.047500E+04,  1.392210E-11,  0.000000E+00,  0.000000E+00,  0.000000E+00
  1.052500E+04,  1.387088E-11,  0.000000E+00,  0.000000E+00,  0.000000E+00
  1.057500E+04,  1.367189E-11,  0.000000E+00,  0.000000E+00,  0.000000E+00
  1.062500E+04,  1.351379E-11,  0.000000E+00,  0.000000E+00,  0.000000E+00
  1.067500E+04,  1.318781E-11,  0.000000E+00,  0.000000E+00,  0.000000E+00
  1.072500E+04,  1.319784E-11,  0.000000E+00,  0.000000E+00,  0.000000E+00
  1.077500E+04,  1.302348E-11,  0.000000E+00,  0.000000E+00,  0.000000E+00
  1.082500E+04,  1.275827E-11,  0.000000E+00,  0.000000E+00,  0.000000E+00
  1.087500E+04,  1.268404E-11,  0.000000E+00,  0.000000E+00,  0.000000E+00
  1.092500E+04,  1.233729E-11,  0.000000E+00,  0.000000E+00,  0.000000E+00
  1.097500E+04,  1.230515E-11,  0.000000E+00,  0.000000E+00,  0.000000E+00
  1.102500E+04,  1.235629E-11,  0.000000E+00,  0.000000E+00,  0.000000E+00
  1.107500E+04,  1.232106E-11,  0.000000E+00,  0.000000E+00,  0.000000E+00
  1.112500E+04,  1.215728E-11,  0.000000E+00,  0.000000E+00,  0.000000E+00
  1.117500E+04,  1.203184E-11,  0.000000E+00,  0.000000E+00,  0.000000E+00
  1.122500E+04,  1.197117E-11,  0.000000E+00,  0.000000E+00,  0.000000E+00
  1.127500E+04,  1.170457E-11,  0.000000E+00,  0.000000E+00,  0.000000E+00
  1.132500E+04,  1.167095E-11,  0.000000E+00,  0.000000E+00,  0.000000E+00
  1.137500E+04,  1.155352E-11,  0.000000E+00,  0.000000E+00,  0.000000E+00
  1.142500E+04,  1.138419E-11,  0.000000E+00,  0.000000E+00,  0.000000E+00
  1.147500E+04,  1.143325E-11,  0.000000E+00,  0.000000E+00,  0.000000E+00
  1.152500E+04,  1.132778E-11,  0.000000E+00,  0.000000E+00,  0.000000E+00
  1.157500E+04,  1.116228E-11,  0.000000E+00,  0.000000E+00,  0.000000E+00
  1.162500E+04,  1.096613E-11,  0.000000E+00,  0.000000E+00,  0.000000E+00
  1.167500E+04,  1.089847E-11,  0.000000E+00,  0.000000E+00,  0.000000E+00
  1.172500E+04,  1.092836E-11,  0.000000E+00,  0.000000E+00,  0.000000E+00
  1.177500E+04,  1.066552E-11,  0.000000E+00,  0.000000E+00,  0.000000E+00
  1.182500E+04,  1.055741E-11,  0.000000E+00,  0.000000E+00,  0.000000E+00
  1.187500E+04,  1.045312E-11,  0.000000E+00,  0.000000E+00,  0.000000E+00
  1.192500E+04,  1.054175E-11,  0.000000E+00,  0.000000E+00,  0.000000E+00
  1.197500E+04,  1.015506E-11,  0.000000E+00,  0.000000E+00,  0.000000E+00
  1.202500E+04,  1.021445E-11,  0.000000E+00,  0.000000E+00,  0.000000E+00
  1.207500E+04,  1.008150E-11,  0.000000E+00,  0.000000E+00,  0.000000E+00
  1.212500E+04,  1.006014E-11,  0.000000E+00,  0.000000E+00,  0.000000E+00
  1.217500E+04,  1.005835E-11,  0.000000E+00,  0.000000E+00,  0.000000E+00
  1.222500E+04,  9.962564E-12,  0.000000E+00,  0.000000E+00,  0.000000E+00
  1.227500E+04,  9.825254E-12,  0.000000E+00,  0.000000E+00,  0.000000E+00
  1.232500E+04,  9.768518E-12,  0.000000E+00,  0.000000E+00,  0.000000E+00
  1.237500E+04,  9.675527E-12,  0.000000E+00,  0.000000E+00,  0.000000E+00
  1.242500E+04,  9.572445E-12,  0.000000E+00,  0.000000E+00,  0.000000E+00
  1.247500E+04,  9.523901E-12,  0.000000E+00,  0.000000E+00,  0.000000E+00
  1.252500E+04,  9.413161E-12,  0.000000E+00,  0.000000E+00,  0.000000E+00
  1.257500E+04,  9.326840E-12,  0.000000E+00,  0.000000E+00,  0.000000E+00
  1.262500E+04,  9.244259E-12,  0.000000E+00,  0.000000E+00,  0.000000E+00
  1.267500E+04,  9.141651E-12,  0.000000E+00,  0.000000E+00,  0.000000E+00
  1.272500E+04,  9.101439E-12,  0.000000E+00,  0.000000E+00,  0.000000E+00
  1.277500E+04,  8.996240E-12,  0.000000E+00,  0.000000E+00,  0.000000E+00
  1.282500E+04,  8.414757E-12,  0.000000E+00,  0.000000E+00,  0.000000E+00
  1.287500E+04,  8.817008E-12,  0.000000E+00,  0.000000E+00,  0.000000E+00
  1.292500E+04,  8.743354E-12,  0.000000E+00,  0.000000E+00,  0.000000E+00
  1.297500E+04,  8.718758E-12,  0.000000E+00,  0.000000E+00,  0.000000E+00
  1.302500E+04,  8.605125E-12,  0.000000E+00,  0.000000E+00,  0.000000E+00
  1.307500E+04,  8.572761E-12,  0.000000E+00,  0.000000E+00,  0.000000E+00
  1.312500E+04,  8.417153E-12,  0.000000E+00,  0.000000E+00,  0.000000E+00
  1.317500E+04,  8.339833E-12,  0.000000E+00,  0.000000E+00,  0.000000E+00
  1.322500E+04,  8.350321E-12,  0.000000E+00,  0.000000E+00,  0.000000E+00
  1.327500E+04,  8.211303E-12,  0.000000E+00,  0.000000E+00,  0.000000E+00
  1.332500E+04,  8.181726E-12,  0.000000E+00,  0.000000E+00,  0.000000E+00
  1.337500E+04,  8.106477E-12,  0.000000E+00,  0.000000E+00,  0.000000E+00
  1.342500E+04,  8.077574E-12,  0.000000E+00,  0.000000E+00,  0.000000E+00
  1.347500E+04,  8.002395E-12,  0.000000E+00,  0.000000E+00,  0.000000E+00
  1.352500E+04,  7.936989E-12,  0.000000E+00,  0.000000E+00,  0.000000E+00
  1.357500E+04,  7.808841E-12,  0.000000E+00,  0.000000E+00,  0.000000E+00
  1.362500E+04,  7.774099E-12,  0.000000E+00,  0.000000E+00,  0.000000E+00
  1.367500E+04,  7.708611E-12,  0.000000E+00,  0.000000E+00,  0.000000E+00
  1.372500E+04,  7.640687E-12,  0.000000E+00,  0.000000E+00,  0.000000E+00
  1.377500E+04,  7.586350E-12,  0.000000E+00,  0.000000E+00,  0.000000E+00
  1.382500E+04,  7.537447E-12,  0.000000E+00,  0.000000E+00,  0.000000E+00
  1.387500E+04,  7.486088E-12,  0.000000E+00,  0.000000E+00,  0.000000E+00
  1.392500E+04,  7.422863E-12,  0.000000E+00,  0.000000E+00,  0.000000E+00
  1.397500E+04,  7.357739E-12,  0.000000E+00,  0.000000E+00,  0.000000E+00
  1.402500E+04,  7.263825E-12,  0.000000E+00,  0.000000E+00,  0.000000E+00
  1.407500E+04,  7.240154E-12,  0.000000E+00,  0.000000E+00,  0.000000E+00
  1.412500E+04,  7.120318E-12,  0.000000E+00,  0.000000E+00,  0.000000E+00
  1.417500E+04,  7.125177E-12,  0.000000E+00,  0.000000E+00,  0.000000E+00
  1.422500E+04,  6.982229E-12,  0.000000E+00,  0.000000E+00,  0.000000E+00
  1.427500E+04,  6.873142E-12,  0.000000E+00,  0.000000E+00,  0.000000E+00
  1.432500E+04,  6.930774E-12,  0.000000E+00,  0.000000E+00,  0.000000E+00
  1.437500E+04,  6.912534E-12,  0.000000E+00,  0.000000E+00,  0.000000E+00
  1.442500E+04,  6.675894E-12,  0.000000E+00,  0.000000E+00,  0.000000E+00
  1.447500E+04,  6.785939E-12,  0.000000E+00,  0.000000E+00,  0.000000E+00
  1.452500E+04,  6.632445E-12,  0.000000E+00,  0.000000E+00,  0.000000E+00
  1.457000E+04,  6.640214E-12,  0.000000E+00,  0.000000E+00,  0.000000E+00
  1.462000E+04,  6.595546E-12,  0.000000E+00,  0.000000E+00,  0.000000E+00
  1.467500E+04,  6.549698E-12,  0.000000E+00,  0.000000E+00,  0.000000E+00
  1.472500E+04,  6.430536E-12,  0.000000E+00,  0.000000E+00,  0.000000E+00
  1.477500E+04,  6.395445E-12,  0.000000E+00,  0.000000E+00,  0.000000E+00
  1.482500E+04,  6.369201E-12,  0.000000E+00,  0.000000E+00,  0.000000E+00
  1.487500E+04,  6.193755E-12,  0.000000E+00,  0.000000E+00,  0.000000E+00
  1.492500E+04,  6.330117E-12,  0.000000E+00,  0.000000E+00,  0.000000E+00
  1.497500E+04,  6.230660E-12,  0.000000E+00,  0.000000E+00,  0.000000E+00
  1.502500E+04,  6.036102E-12,  0.000000E+00,  0.000000E+00,  0.000000E+00
  1.507500E+04,  6.032838E-12,  0.000000E+00,  0.000000E+00,  0.000000E+00
  1.512500E+04,  6.102655E-12,  0.000000E+00,  0.000000E+00,  0.000000E+00
  1.517500E+04,  6.077721E-12,  0.000000E+00,  0.000000E+00,  0.000000E+00
  1.522500E+04,  5.969133E-12,  0.000000E+00,  0.000000E+00,  0.000000E+00
  1.527500E+04,  5.970519E-12,  0.000000E+00,  0.000000E+00,  0.000000E+00
  1.532500E+04,  5.909614E-12,  0.000000E+00,  0.000000E+00,  0.000000E+00
  1.537500E+04,  5.865611E-12,  0.000000E+00,  0.000000E+00,  0.000000E+00
  1.542500E+04,  5.825343E-12,  0.000000E+00,  0.000000E+00,  0.000000E+00
  1.547500E+04,  5.784098E-12,  0.000000E+00,  0.000000E+00,  0.000000E+00
  1.552500E+04,  5.706972E-12,  0.000000E+00,  0.000000E+00,  0.000000E+00
  1.557500E+04,  5.651780E-12,  0.000000E+00,  0.000000E+00,  0.000000E+00
  1.562500E+04,  5.662615E-12,  0.000000E+00,  0.000000E+00,  0.000000E+00
  1.567500E+04,  5.538167E-12,  0.000000E+00,  0.000000E+00,  0.000000E+00
  1.572500E+04,  5.520473E-12,  0.000000E+00,  0.000000E+00,  0.000000E+00
  1.577500E+04,  5.332781E-12,  0.000000E+00,  0.000000E+00,  0.000000E+00
  1.582500E+04,  5.398881E-12,  0.000000E+00,  0.000000E+00,  0.000000E+00
  1.587500E+04,  5.215583E-12,  0.000000E+00,  0.000000E+00,  0.000000E+00
  1.592500E+04,  5.302852E-12,  0.000000E+00,  0.000000E+00,  0.000000E+00
  1.597500E+04,  5.286318E-12,  0.000000E+00,  0.000000E+00,  0.000000E+00
  1.605000E+04,  5.216024E-12,  0.000000E+00,  0.000000E+00,  0.000000E+00
  1.615000E+04,  5.086087E-12,  0.000000E+00,  0.000000E+00,  0.000000E+00
  1.625000E+04,  5.076190E-12,  0.000000E+00,  0.000000E+00,  0.000000E+00
  1.635000E+04,  4.930636E-12,  0.000000E+00,  0.000000E+00,  0.000000E+00
  1.645000E+04,  4.790246E-12,  0.000000E+00,  0.000000E+00,  0.000000E+00
  1.655000E+04,  4.803584E-12,  0.000000E+00,  0.000000E+00,  0.000000E+00
  1.665000E+04,  4.709759E-12,  0.000000E+00,  0.000000E+00,  0.000000E+00
  1.675000E+04,  4.540586E-12,  0.000000E+00,  0.000000E+00,  0.000000E+00
  1.685000E+04,  4.383702E-12,  0.000000E+00,  0.000000E+00,  0.000000E+00
  1.695000E+04,  4.448974E-12,  0.000000E+00,  0.000000E+00,  0.000000E+00
  1.705000E+04,  4.318663E-12,  0.000000E+00,  0.000000E+00,  0.000000E+00
  1.715000E+04,  4.233979E-12,  0.000000E+00,  0.000000E+00,  0.000000E+00
  1.725000E+04,  4.121308E-12,  0.000000E+00,  0.000000E+00,  0.000000E+00
  1.735000E+04,  3.888270E-12,  0.000000E+00,  0.000000E+00,  0.000000E+00
  1.745000E+04,  3.942838E-12,  0.000000E+00,  0.000000E+00,  0.000000E+00
  1.755000E+04,  3.910605E-12,  0.000000E+00,  0.000000E+00,  0.000000E+00
  1.765000E+04,  3.829087E-12,  0.000000E+00,  0.000000E+00,  0.000000E+00
  1.775000E+04,  3.754525E-12,  0.000000E+00,  0.000000E+00,  0.000000E+00
  1.785000E+04,  3.693804E-12,  0.000000E+00,  0.000000E+00,  0.000000E+00
  1.795000E+04,  3.625440E-12,  0.000000E+00,  0.000000E+00,  0.000000E+00
  1.805000E+04,  3.536073E-12,  0.000000E+00,  0.000000E+00,  0.000000E+00
  1.815000E+04,  3.338665E-12,  0.000000E+00,  0.000000E+00,  0.000000E+00
  1.825000E+04,  3.362632E-12,  0.000000E+00,  0.000000E+00,  0.000000E+00
  1.835000E+04,  3.332770E-12,  0.000000E+00,  0.000000E+00,  0.000000E+00
  1.845000E+04,  3.246025E-12,  0.000000E+00,  0.000000E+00,  0.000000E+00
  1.855000E+04,  3.205701E-12,  0.000000E+00,  0.000000E+00,  0.000000E+00
  1.865000E+04,  3.118470E-12,  0.000000E+00,  0.000000E+00,  0.000000E+00
  1.875000E+04,  2.899254E-12,  0.000000E+00,  0.000000E+00,  0.000000E+00
  1.885000E+04,  3.007352E-12,  0.000000E+00,  0.000000E+00,  0.000000E+00
  1.895000E+04,  2.909930E-12,  0.000000E+00,  0.000000E+00,  0.000000E+00
  1.905000E+04,  2.918474E-12,  0.000000E+00,  0.000000E+00,  0.000000E+00
  1.915000E+04,  2.855209E-12,  0.000000E+00,  0.000000E+00,  0.000000E+00
  1.925000E+04,  2.804963E-12,  0.000000E+00,  0.000000E+00,  0.000000E+00
  1.935000E+04,  2.728765E-12,  0.000000E+00,  0.000000E+00,  0.000000E+00
  1.945000E+04,  2.561348E-12,  0.000000E+00,  0.000000E+00,  0.000000E+00
  1.955000E+04,  2.642546E-12,  0.000000E+00,  0.000000E+00,  0.000000E+00
  1.965000E+04,  2.597698E-12,  0.000000E+00,  0.000000E+00,  0.000000E+00
  1.975000E+04,  2.540229E-12,  0.000000E+00,  0.000000E+00,  0.000000E+00
  1.985000E+04,  2.508404E-12,  0.000000E+00,  0.000000E+00,  0.000000E+00
  1.995000E+04,  2.462717E-12,  0.000000E+00,  0.000000E+00,  0.000000E+00
  2.005000E+04,  2.429914E-12,  0.000000E+00,  0.000000E+00,  0.000000E+00
  2.015000E+04,  2.395319E-12,  0.000000E+00,  0.000000E+00,  0.000000E+00
  2.025000E+04,  2.335385E-12,  0.000000E+00,  0.000000E+00,  0.000000E+00
  2.035000E+04,  2.280853E-12,  0.000000E+00,  0.000000E+00,  0.000000E+00
  2.045000E+04,  2.268391E-12,  0.000000E+00,  0.000000E+00,  0.000000E+00
  2.055000E+04,  2.222612E-12,  0.000000E+00,  0.000000E+00,  0.000000E+00
  2.065000E+04,  2.171080E-12,  0.000000E+00,  0.000000E+00,  0.000000E+00
  2.075000E+04,  2.142166E-12,  0.000000E+00,  0.000000E+00,  0.000000E+00
  2.085000E+04,  2.105106E-12,  0.000000E+00,  0.000000E+00,  0.000000E+00
  2.095000E+04,  2.056640E-12,  0.000000E+00,  0.000000E+00,  0.000000E+00
  2.105000E+04,  2.037123E-12,  0.000000E+00,  0.000000E+00,  0.000000E+00
  2.115000E+04,  1.997854E-12,  0.000000E+00,  0.000000E+00,  0.000000E+00
  2.125000E+04,  1.962988E-12,  0.000000E+00,  0.000000E+00,  0.000000E+00
  2.135000E+04,  1.932588E-12,  0.000000E+00,  0.000000E+00,  0.000000E+00
  2.145000E+04,  1.903416E-12,  0.000000E+00,  0.000000E+00,  0.000000E+00
  2.155000E+04,  1.866547E-12,  0.000000E+00,  0.000000E+00,  0.000000E+00
  2.165000E+04,  1.750049E-12,  0.000000E+00,  0.000000E+00,  0.000000E+00
  2.175000E+04,  1.788241E-12,  0.000000E+00,  0.000000E+00,  0.000000E+00
  2.185000E+04,  1.766761E-12,  0.000000E+00,  0.000000E+00,  0.000000E+00
  2.195000E+04,  1.750451E-12,  0.000000E+00,  0.000000E+00,  0.000000E+00
  2.205000E+04,  1.705292E-12,  0.000000E+00,  0.000000E+00,  0.000000E+00
  2.215000E+04,  1.691049E-12,  0.000000E+00,  0.000000E+00,  0.000000E+00
  2.225000E+04,  1.661472E-12,  0.000000E+00,  0.000000E+00,  0.000000E+00
  2.235000E+04,  1.634286E-12,  0.000000E+00,  0.000000E+00,  0.000000E+00
  2.245000E+04,  1.607962E-12,  0.000000E+00,  0.000000E+00,  0.000000E+00
  2.255000E+04,  1.576905E-12,  0.000000E+00,  0.000000E+00,  0.000000E+00
  2.265000E+04,  1.551681E-12,  0.000000E+00,  0.000000E+00,  0.000000E+00
  2.275000E+04,  1.532563E-12,  0.000000E+00,  0.000000E+00,  0.000000E+00
  2.285000E+04,  1.499088E-12,  0.000000E+00,  0.000000E+00,  0.000000E+00
  2.295000E+04,  1.473312E-12,  0.000000E+00,  0.000000E+00,  0.000000E+00
  2.305000E+04,  1.458417E-12,  0.000000E+00,  0.000000E+00,  0.000000E+00
  2.315000E+04,  1.432446E-12,  0.000000E+00,  0.000000E+00,  0.000000E+00
  2.325000E+04,  1.401219E-12,  0.000000E+00,  0.000000E+00,  0.000000E+00
  2.335000E+04,  1.381860E-12,  0.000000E+00,  0.000000E+00,  0.000000E+00
  2.345000E+04,  1.368572E-12,  0.000000E+00,  0.000000E+00,  0.000000E+00
  2.355000E+04,  1.332645E-12,  0.000000E+00,  0.000000E+00,  0.000000E+00
  2.365000E+04,  1.323519E-12,  0.000000E+00,  0.000000E+00,  0.000000E+00
  2.375000E+04,  1.296068E-12,  0.000000E+00,  0.000000E+00,  0.000000E+00
  2.385000E+04,  1.267381E-12,  0.000000E+00,  0.000000E+00,  0.000000E+00
  2.395000E+04,  1.261302E-12,  0.000000E+00,  0.000000E+00,  0.000000E+00
  2.405000E+04,  1.241939E-12,  0.000000E+00,  0.000000E+00,  0.000000E+00
  2.415000E+04,  1.211940E-12,  0.000000E+00,  0.000000E+00,  0.000000E+00
  2.425000E+04,  1.201431E-12,  0.000000E+00,  0.000000E+00,  0.000000E+00
  2.435000E+04,  1.182465E-12,  0.000000E+00,  0.000000E+00,  0.000000E+00
  2.445000E+04,  1.164093E-12,  0.000000E+00,  0.000000E+00,  0.000000E+00
  2.455000E+04,  1.137481E-12,  0.000000E+00,  0.000000E+00,  0.000000E+00
  2.465000E+04,  1.133276E-12,  0.000000E+00,  0.000000E+00,  0.000000E+00
  2.475000E+04,  1.110495E-12,  0.000000E+00,  0.000000E+00,  0.000000E+00
  2.485000E+04,  1.085264E-12,  0.000000E+00,  0.000000E+00,  0.000000E+00
  2.495000E+04,  1.080700E-12,  0.000000E+00,  0.000000E+00,  0.000000E+00
  2.505000E+04,  1.066680E-12,  0.000000E+00,  0.000000E+00,  0.000000E+00
  2.515000E+04,  1.047953E-12,  0.000000E+00,  0.000000E+00,  0.000000E+00
  2.525000E+04,  1.036533E-12,  0.000000E+00,  0.000000E+00,  0.000000E+00
  2.535000E+04,  1.020634E-12,  0.000000E+00,  0.000000E+00,  0.000000E+00
  2.545000E+04,  1.001389E-12,  0.000000E+00,  0.000000E+00,  0.000000E+00
  2.555000E+04,  9.876372E-13,  0.000000E+00,  0.000000E+00,  0.000000E+00
  2.565000E+04,  9.721183E-13,  0.000000E+00,  0.000000E+00,  0.000000E+00
  2.575000E+04,  9.654058E-13,  0.000000E+00,  0.000000E+00,  0.000000E+00
  2.585000E+04,  9.404110E-13,  0.000000E+00,  0.000000E+00,  0.000000E+00
  2.595000E+04,  9.353230E-13,  0.000000E+00,  0.000000E+00,  0.000000E+00
  2.605000E+04,  9.233472E-13,  0.000000E+00,  0.000000E+00,  0.000000E+00
  2.615000E+04,  9.054828E-13,  0.000000E+00,  0.000000E+00,  0.000000E+00
  2.625000E+04,  8.595714E-13,  0.000000E+00,  0.000000E+00,  0.000000E+00
  2.635000E+04,  8.789384E-13,  0.000000E+00,  0.000000E+00,  0.000000E+00
  2.645000E+04,  8.674309E-13,  0.000000E+00,  0.000000E+00,  0.000000E+00
  2.655000E+04,  8.565746E-13,  0.000000E+00,  0.000000E+00,  0.000000E+00
  2.665000E+04,  8.401110E-13,  0.000000E+00,  0.000000E+00,  0.000000E+00
  2.675000E+04,  8.328520E-13,  0.000000E+00,  0.000000E+00,  0.000000E+00
  2.685000E+04,  8.266305E-13,  0.000000E+00,  0.000000E+00,  0.000000E+00
  2.695000E+04,  8.151825E-13,  0.000000E+00,  0.000000E+00,  0.000000E+00
  2.705000E+04,  8.043933E-13,  0.000000E+00,  0.000000E+00,  0.000000E+00
  2.715000E+04,  7.926918E-13,  0.000000E+00,  0.000000E+00,  0.000000E+00
  2.725000E+04,  7.820160E-13,  0.000000E+00,  0.000000E+00,  0.000000E+00
  2.735000E+04,  7.715169E-13,  0.000000E+00,  0.000000E+00,  0.000000E+00
  2.745000E+04,  7.621498E-13,  0.000000E+00,  0.000000E+00,  0.000000E+00
  2.755000E+04,  7.444671E-13,  0.000000E+00,  0.000000E+00,  0.000000E+00
  2.765000E+04,  7.371315E-13,  0.000000E+00,  0.000000E+00,  0.000000E+00
  2.775000E+04,  7.301594E-13,  0.000000E+00,  0.000000E+00,  0.000000E+00
  2.785000E+04,  7.209616E-13,  0.000000E+00,  0.000000E+00,  0.000000E+00
  2.795000E+04,  7.124918E-13,  0.000000E+00,  0.000000E+00,  0.000000E+00
  2.805000E+04,  7.026500E-13,  0.000000E+00,  0.000000E+00,  0.000000E+00
  2.815000E+04,  6.938101E-13,  0.000000E+00,  0.000000E+00,  0.000000E+00
  2.825000E+04,  6.843683E-13,  0.000000E+00,  0.000000E+00,  0.000000E+00
  2.835000E+04,  6.762335E-13,  0.000000E+00,  0.000000E+00,  0.000000E+00
  2.845000E+04,  6.651819E-13,  0.000000E+00,  0.000000E+00,  0.000000E+00
  2.855000E+04,  6.576414E-13,  0.000000E+00,  0.000000E+00,  0.000000E+00
  2.865000E+04,  6.470014E-13,  0.000000E+00,  0.000000E+00,  0.000000E+00
  2.875000E+04,  6.319378E-13,  0.000000E+00,  0.000000E+00,  0.000000E+00
  2.885000E+04,  6.314112E-13,  0.000000E+00,  0.000000E+00,  0.000000E+00
  2.895000E+04,  6.244184E-13,  0.000000E+00,  0.000000E+00,  0.000000E+00
  2.905000E+04,  6.161962E-13,  0.000000E+00,  0.000000E+00,  0.000000E+00
  2.915000E+04,  6.083739E-13,  0.000000E+00,  0.000000E+00,  0.000000E+00
  2.925000E+04,  5.983926E-13,  0.000000E+00,  0.000000E+00,  0.000000E+00
  2.935000E+04,  5.927844E-13,  0.000000E+00,  0.000000E+00,  0.000000E+00
  2.945000E+04,  5.842840E-13,  0.000000E+00,  0.000000E+00,  0.000000E+00
  2.955000E+04,  5.778370E-13,  0.000000E+00,  0.000000E+00,  0.000000E+00
  2.965000E+04,  5.706420E-13,  0.000000E+00,  0.000000E+00,  0.000000E+00
  2.975000E+04,  5.633754E-13,  0.000000E+00,  0.000000E+00,  0.000000E+00
  2.985000E+04,  5.565002E-13,  0.000000E+00,  0.000000E+00,  0.000000E+00
  2.995000E+04,  5.485535E-13,  0.000000E+00,  0.000000E+00,  0.000000E+00
  3.005000E+04,  5.417262E-13,  0.000000E+00,  0.000000E+00,  0.000000E+00
  3.015000E+04,  5.357764E-13,  0.000000E+00,  0.000000E+00,  0.000000E+00
  3.025000E+04,  5.284145E-13,  0.000000E+00,  0.000000E+00,  0.000000E+00
  3.035000E+04,  5.144871E-13,  0.000000E+00,  0.000000E+00,  0.000000E+00
  3.045000E+04,  5.121738E-13,  0.000000E+00,  0.000000E+00,  0.000000E+00
  3.055000E+04,  5.091745E-13,  0.000000E+00,  0.000000E+00,  0.000000E+00
  3.065000E+04,  5.022178E-13,  0.000000E+00,  0.000000E+00,  0.000000E+00
  3.075000E+04,  4.974244E-13,  0.000000E+00,  0.000000E+00,  0.000000E+00
  3.085000E+04,  4.900033E-13,  0.000000E+00,  0.000000E+00,  0.000000E+00
  3.095000E+04,  4.842529E-13,  0.000000E+00,  0.000000E+00,  0.000000E+00
  3.105000E+04,  4.793332E-13,  0.000000E+00,  0.000000E+00,  0.000000E+00
  3.115000E+04,  4.697825E-13,  0.000000E+00,  0.000000E+00,  0.000000E+00
  3.125000E+04,  4.673594E-13,  0.000000E+00,  0.000000E+00,  0.000000E+00
  3.135000E+04,  4.618087E-13,  0.000000E+00,  0.000000E+00,  0.000000E+00
  3.145000E+04,  4.565455E-13,  0.000000E+00,  0.000000E+00,  0.000000E+00
  3.155000E+04,  4.494214E-13,  0.000000E+00,  0.000000E+00,  0.000000E+00
  3.165000E+04,  4.452911E-13,  0.000000E+00,  0.000000E+00,  0.000000E+00
  3.175000E+04,  4.397007E-13,  0.000000E+00,  0.000000E+00,  0.000000E+00
  3.185000E+04,  4.347712E-13,  0.000000E+00,  0.000000E+00,  0.000000E+00
  3.195000E+04,  4.301733E-13,  0.000000E+00,  0.000000E+00,  0.000000E+00
  3.210000E+04,  4.219016E-13,  0.000000E+00,  0.000000E+00,  0.000000E+00
  3.230000E+04,  4.122683E-13,  0.000000E+00,  0.000000E+00,  0.000000E+00
  3.250000E+04,  4.026495E-13,  0.000000E+00,  0.000000E+00,  0.000000E+00
  3.270000E+04,  3.932262E-13,  0.000000E+00,  0.000000E+00,  0.000000E+00
  3.290000E+04,  3.795226E-13,  0.000000E+00,  0.000000E+00,  0.000000E+00
  3.310000E+04,  3.743199E-13,  0.000000E+00,  0.000000E+00,  0.000000E+00
  3.330000E+04,  3.659514E-13,  0.000000E+00,  0.000000E+00,  0.000000E+00
  3.350000E+04,  3.586807E-13,  0.000000E+00,  0.000000E+00,  0.000000E+00
  3.370000E+04,  3.502605E-13,  0.000000E+00,  0.000000E+00,  0.000000E+00
  3.390000E+04,  3.418495E-13,  0.000000E+00,  0.000000E+00,  0.000000E+00
  3.410000E+04,  3.340276E-13,  0.000000E+00,  0.000000E+00,  0.000000E+00
  3.430000E+04,  3.278805E-13,  0.000000E+00,  0.000000E+00,  0.000000E+00
  3.450000E+04,  3.209191E-13,  0.000000E+00,  0.000000E+00,  0.000000E+00
  3.470000E+04,  3.138002E-13,  0.000000E+00,  0.000000E+00,  0.000000E+00
  3.490000E+04,  3.071358E-13,  0.000000E+00,  0.000000E+00,  0.000000E+00
  3.510000E+04,  3.004984E-13,  0.000000E+00,  0.000000E+00,  0.000000E+00
  3.530000E+04,  2.936112E-13,  0.000000E+00,  0.000000E+00,  0.000000E+00
  3.550000E+04,  2.877375E-13,  0.000000E+00,  0.000000E+00,  0.000000E+00
  3.570000E+04,  2.812568E-13,  0.000000E+00,  0.000000E+00,  0.000000E+00
  3.590000E+04,  2.752651E-13,  0.000000E+00,  0.000000E+00,  0.000000E+00
  3.610000E+04,  2.701123E-13,  0.000000E+00,  0.000000E+00,  0.000000E+00
  3.630000E+04,  2.643429E-13,  0.000000E+00,  0.000000E+00,  0.000000E+00
  3.650000E+04,  2.579851E-13,  0.000000E+00,  0.000000E+00,  0.000000E+00
  3.670000E+04,  2.525271E-13,  0.000000E+00,  0.000000E+00,  0.000000E+00
  3.690000E+04,  2.464668E-13,  0.000000E+00,  0.000000E+00,  0.000000E+00
  3.710000E+04,  2.414794E-13,  0.000000E+00,  0.000000E+00,  0.000000E+00
  3.730000E+04,  2.364497E-13,  0.000000E+00,  0.000000E+00,  0.000000E+00
  3.750000E+04,  2.294759E-13,  0.000000E+00,  0.000000E+00,  0.000000E+00
  3.770000E+04,  2.278307E-13,  0.000000E+00,  0.000000E+00,  0.000000E+00
  3.790000E+04,  2.232599E-13,  0.000000E+00,  0.000000E+00,  0.000000E+00
  3.810000E+04,  2.189455E-13,  0.000000E+00,  0.000000E+00,  0.000000E+00
  3.830000E+04,  2.149739E-13,  0.000000E+00,  0.000000E+00,  0.000000E+00
  3.850000E+04,  2.108953E-13,  0.000000E+00,  0.000000E+00,  0.000000E+00
  3.870000E+04,  2.063718E-13,  0.000000E+00,  0.000000E+00,  0.000000E+00
  3.890000E+04,  2.021903E-13,  0.000000E+00,  0.000000E+00,  0.000000E+00
  3.910000E+04,  1.987190E-13,  0.000000E+00,  0.000000E+00,  0.000000E+00
  3.930000E+04,  1.948330E-13,  0.000000E+00,  0.000000E+00,  0.000000E+00
  3.950000E+04,  1.905629E-13,  0.000000E+00,  0.000000E+00,  0.000000E+00
  3.970000E+04,  1.873568E-13,  0.000000E+00,  0.000000E+00,  0.000000E+00
  3.990000E+04,  1.828657E-13,  0.000000E+00,  0.000000E+00,  0.000000E+00
  4.010000E+04,  1.796817E-13,  0.000000E+00,  0.000000E+00,  0.000000E+00
  4.030000E+04,  1.767405E-13,  0.000000E+00,  0.000000E+00,  0.000000E+00
  4.050000E+04,  1.713367E-13,  0.000000E+00,  0.000000E+00,  0.000000E+00
  4.070000E+04,  1.699125E-13,  0.000000E+00,  0.000000E+00,  0.000000E+00
  4.090000E+04,  1.668873E-13,  0.000000E+00,  0.000000E+00,  0.000000E+00
  4.110000E+04,  1.639533E-13,  0.000000E+00,  0.000000E+00,  0.000000E+00
  4.130000E+04,  1.610860E-13,  0.000000E+00,  0.000000E+00,  0.000000E+00
  4.150000E+04,  1.577849E-13,  0.000000E+00,  0.000000E+00,  0.000000E+00
  4.170000E+04,  1.549031E-13,  0.000000E+00,  0.000000E+00,  0.000000E+00
  4.190000E+04,  1.521513E-13,  0.000000E+00,  0.000000E+00,  0.000000E+00
  4.210000E+04,  1.487264E-13,  0.000000E+00,  0.000000E+00,  0.000000E+00
  4.230000E+04,  1.470176E-13,  0.000000E+00,  0.000000E+00,  0.000000E+00
  4.250000E+04,  1.440692E-13,  0.000000E+00,  0.000000E+00,  0.000000E+00
  4.270000E+04,  1.417176E-13,  0.000000E+00,  0.000000E+00,  0.000000E+00
  4.290000E+04,  1.377064E-13,  0.000000E+00,  0.000000E+00,  0.000000E+00
  4.310000E+04,  1.342889E-13,  0.000000E+00,  0.000000E+00,  0.000000E+00
  4.330000E+04,  1.324891E-13,  0.000000E+00,  0.000000E+00,  0.000000E+00
  4.350000E+04,  1.285167E-13,  0.000000E+00,  0.000000E+00,  0.000000E+00
  4.370000E+04,  1.257302E-13,  0.000000E+00,  0.000000E+00,  0.000000E+00
  4.390000E+04,  1.243226E-13,  0.000000E+00,  0.000000E+00,  0.000000E+00
  4.410000E+04,  1.202647E-13,  0.000000E+00,  0.000000E+00,  0.000000E+00
  4.430000E+04,  1.190098E-13,  0.000000E+00,  0.000000E+00,  0.000000E+00
  4.450000E+04,  1.172293E-13,  0.000000E+00,  0.000000E+00,  0.000000E+00
  4.470000E+04,  1.137439E-13,  0.000000E+00,  0.000000E+00,  0.000000E+00
  4.490000E+04,  1.128632E-13,  0.000000E+00,  0.000000E+00,  0.000000E+00
  4.510000E+04,  1.108767E-13,  0.000000E+00,  0.000000E+00,  0.000000E+00
  4.530000E+04,  1.079384E-13,  0.000000E+00,  0.000000E+00,  0.000000E+00
  4.550000E+04,  1.068420E-13,  0.000000E+00,  0.000000E+00,  0.000000E+00
  4.570000E+04,  1.053937E-13,  0.000000E+00,  0.000000E+00,  0.000000E+00
  4.590000E+04,  1.026088E-13,  0.000000E+00,  0.000000E+00,  0.000000E+00
  4.610000E+04,  1.016249E-13,  0.000000E+00,  0.000000E+00,  0.000000E+00
  4.630000E+04,  9.989060E-14,  0.000000E+00,  0.000000E+00,  0.000000E+00
  4.650000E+04,  9.769705E-14,  0.000000E+00,  0.000000E+00,  0.000000E+00
  4.670000E+04,  9.665852E-14,  0.000000E+00,  0.000000E+00,  0.000000E+00
  4.690000E+04,  9.546580E-14,  0.000000E+00,  0.000000E+00,  0.000000E+00
  4.710000E+04,  9.391353E-14,  0.000000E+00,  0.000000E+00,  0.000000E+00
  4.730000E+04,  9.286744E-14,  0.000000E+00,  0.000000E+00,  0.000000E+00
  4.750000E+04,  9.121455E-14,  0.000000E+00,  0.000000E+00,  0.000000E+00
  4.770000E+04,  8.970829E-14,  0.000000E+00,  0.000000E+00,  0.000000E+00
  4.790000E+04,  8.842423E-14,  0.000000E+00,  0.000000E+00,  0.000000E+00
  4.810000E+04,  8.673937E-14,  0.000000E+00,  0.000000E+00,  0.000000E+00
  4.830000E+04,  8.590218E-14,  0.000000E+00,  0.000000E+00,  0.000000E+00
  4.850000E+04,  8.438959E-14,  0.000000E+00,  0.000000E+00,  0.000000E+00
  4.870000E+04,  8.301922E-14,  0.000000E+00,  0.000000E+00,  0.000000E+00
  4.890000E+04,  8.181290E-14,  0.000000E+00,  0.000000E+00,  0.000000E+00
  4.910000E+04,  8.058444E-14,  0.000000E+00,  0.000000E+00,  0.000000E+00
  4.930000E+04,  7.934744E-14,  0.000000E+00,  0.000000E+00,  0.000000E+00
  4.950000E+04,  7.807368E-14,  0.000000E+00,  0.000000E+00,  0.000000E+00
  4.970000E+04,  7.691019E-14,  0.000000E+00,  0.000000E+00,  0.000000E+00
  4.990000E+04,  7.590664E-14,  0.000000E+00,  0.000000E+00,  0.000000E+00
  5.010000E+04,  7.451092E-14,  0.000000E+00,  0.000000E+00,  0.000000E+00
  5.030000E+04,  7.367228E-14,  0.000000E+00,  0.000000E+00,  0.000000E+00
  5.050000E+04,  7.228061E-14,  0.000000E+00,  0.000000E+00,  0.000000E+00
  5.070000E+04,  7.131689E-14,  0.000000E+00,  0.000000E+00,  0.000000E+00
  5.090000E+04,  7.040106E-14,  0.000000E+00,  0.000000E+00,  0.000000E+00
  5.110000E+04,  6.915977E-14,  0.000000E+00,  0.000000E+00,  0.000000E+00
  5.130000E+04,  6.802170E-14,  0.000000E+00,  0.000000E+00,  0.000000E+00
  5.150000E+04,  6.721461E-14,  0.000000E+00,  0.000000E+00,  0.000000E+00
  5.170000E+04,  6.649320E-14,  0.000000E+00,  0.000000E+00,  0.000000E+00
  5.190000E+04,  6.528964E-14,  0.000000E+00,  0.000000E+00,  0.000000E+00
  5.210000E+04,  6.428407E-14,  0.000000E+00,  0.000000E+00,  0.000000E+00
  5.230000E+04,  6.334610E-14,  0.000000E+00,  0.000000E+00,  0.000000E+00
  5.250000E+04,  6.258344E-14,  0.000000E+00,  0.000000E+00,  0.000000E+00
  5.270000E+04,  6.178634E-14,  0.000000E+00,  0.000000E+00,  0.000000E+00
  5.290000E+04,  6.062838E-14,  0.000000E+00,  0.000000E+00,  0.000000E+00
  5.310000E+04,  5.992176E-14,  0.000000E+00,  0.000000E+00,  0.000000E+00
  5.330000E+04,  5.901628E-14,  0.000000E+00,  0.000000E+00,  0.000000E+00
  5.350000E+04,  5.824312E-14,  0.000000E+00,  0.000000E+00,  0.000000E+00
  5.370000E+04,  5.738250E-14,  0.000000E+00,  0.000000E+00,  0.000000E+00
  5.390000E+04,  5.664715E-14,  0.000000E+00,  0.000000E+00,  0.000000E+00
  5.410000E+04,  5.585899E-14,  0.000000E+00,  0.000000E+00,  0.000000E+00
  5.430000E+04,  5.489239E-14,  0.000000E+00,  0.000000E+00,  0.000000E+00
  5.450000E+04,  5.432637E-14,  0.000000E+00,  0.000000E+00,  0.000000E+00
  5.470000E+04,  5.350161E-14,  0.000000E+00,  0.000000E+00,  0.000000E+00
  5.490000E+04,  5.274144E-14,  0.000000E+00,  0.000000E+00,  0.000000E+00
  5.510000E+04,  5.211039E-14,  0.000000E+00,  0.000000E+00,  0.000000E+00
  5.530000E+04,  5.149222E-14,  0.000000E+00,  0.000000E+00,  0.000000E+00
  5.550000E+04,  5.060681E-14,  0.000000E+00,  0.000000E+00,  0.000000E+00
  5.570000E+04,  5.011576E-14,  0.000000E+00,  0.000000E+00,  0.000000E+00
  5.590000E+04,  4.923410E-14,  0.000000E+00,  0.000000E+00,  0.000000E+00
  5.610000E+04,  4.865971E-14,  0.000000E+00,  0.000000E+00,  0.000000E+00
  5.630000E+04,  4.796750E-14,  0.000000E+00,  0.000000E+00,  0.000000E+00
  5.650000E+04,  4.745652E-14,  0.000000E+00,  0.000000E+00,  0.000000E+00
  5.670000E+04,  4.682644E-14,  0.000000E+00,  0.000000E+00,  0.000000E+00
  5.690000E+04,  4.607381E-14,  0.000000E+00,  0.000000E+00,  0.000000E+00
  5.710000E+04,  4.557659E-14,  0.000000E+00,  0.000000E+00,  0.000000E+00
  5.730000E+04,  4.497463E-14,  0.000000E+00,  0.000000E+00,  0.000000E+00
  5.750000E+04,  4.436769E-14,  0.000000E+00,  0.000000E+00,  0.000000E+00
  5.770000E+04,  4.377544E-14,  0.000000E+00,  0.000000E+00,  0.000000E+00
  5.790000E+04,  4.323574E-14,  0.000000E+00,  0.000000E+00,  0.000000E+00
  5.810000E+04,  4.263771E-14,  0.000000E+00,  0.000000E+00,  0.000000E+00
  5.830000E+04,  4.210194E-14,  0.000000E+00,  0.000000E+00,  0.000000E+00
  5.850000E+04,  4.158732E-14,  0.000000E+00,  0.000000E+00,  0.000000E+00
  5.870000E+04,  4.099602E-14,  0.000000E+00,  0.000000E+00,  0.000000E+00
  5.890000E+04,  4.042007E-14,  0.000000E+00,  0.000000E+00,  0.000000E+00
  5.910000E+04,  3.983328E-14,  0.000000E+00,  0.000000E+00,  0.000000E+00
  5.930000E+04,  3.945960E-14,  0.000000E+00,  0.000000E+00,  0.000000E+00
  5.950000E+04,  3.886143E-14,  0.000000E+00,  0.000000E+00,  0.000000E+00
  5.970000E+04,  3.847310E-14,  0.000000E+00,  0.000000E+00,  0.000000E+00
  5.990000E+04,  3.798526E-14,  0.000000E+00,  0.000000E+00,  0.000000E+00
  6.010000E+04,  3.748490E-14,  0.000000E+00,  0.000000E+00,  0.000000E+00
  6.030000E+04,  3.703261E-14,  0.000000E+00,  0.000000E+00,  0.000000E+00
  6.050000E+04,  3.655646E-14,  0.000000E+00,  0.000000E+00,  0.000000E+00
  6.070000E+04,  3.607879E-14,  0.000000E+00,  0.000000E+00,  0.000000E+00
  6.090000E+04,  3.560863E-14,  0.000000E+00,  0.000000E+00,  0.000000E+00
  6.110000E+04,  3.510983E-14,  0.000000E+00,  0.000000E+00,  0.000000E+00
  6.130000E+04,  3.474927E-14,  0.000000E+00,  0.000000E+00,  0.000000E+00
  6.150000E+04,  3.433433E-14,  0.000000E+00,  0.000000E+00,  0.000000E+00
  6.170000E+04,  3.390737E-14,  0.000000E+00,  0.000000E+00,  0.000000E+00
  6.190000E+04,  3.349498E-14,  0.000000E+00,  0.000000E+00,  0.000000E+00
  6.210000E+04,  3.308174E-14,  0.000000E+00,  0.000000E+00,  0.000000E+00
  6.230000E+04,  3.259164E-14,  0.000000E+00,  0.000000E+00,  0.000000E+00
  6.250000E+04,  3.222169E-14,  0.000000E+00,  0.000000E+00,  0.000000E+00
  6.270000E+04,  3.183752E-14,  0.000000E+00,  0.000000E+00,  0.000000E+00
  6.290000E+04,  3.145881E-14,  0.000000E+00,  0.000000E+00,  0.000000E+00
  6.310000E+04,  3.104132E-14,  0.000000E+00,  0.000000E+00,  0.000000E+00
  6.330000E+04,  3.073008E-14,  0.000000E+00,  0.000000E+00,  0.000000E+00
  6.350000E+04,  3.034059E-14,  0.000000E+00,  0.000000E+00,  0.000000E+00
  6.370000E+04,  2.997630E-14,  0.000000E+00,  0.000000E+00,  0.000000E+00
  6.390000E+04,  2.960039E-14,  0.000000E+00,  0.000000E+00,  0.000000E+00
  6.420000E+04,  2.908598E-14,  0.000000E+00,  0.000000E+00,  0.000000E+00
  6.460000E+04,  2.837020E-14,  0.000000E+00,  0.000000E+00,  0.000000E+00
  6.500000E+04,  2.769194E-14,  0.000000E+00,  0.000000E+00,  0.000000E+00
  6.540000E+04,  2.706687E-14,  0.000000E+00,  0.000000E+00,  0.000000E+00
  6.580000E+04,  2.643956E-14,  0.000000E+00,  0.000000E+00,  0.000000E+00
  6.620000E+04,  2.581195E-14,  0.000000E+00,  0.000000E+00,  0.000000E+00
  6.660000E+04,  2.522246E-14,  0.000000E+00,  0.000000E+00,  0.000000E+00
  6.700000E+04,  2.463368E-14,  0.000000E+00,  0.000000E+00,  0.000000E+00
  6.740000E+04,  2.405625E-14,  0.000000E+00,  0.000000E+00,  0.000000E+00
  6.780000E+04,  2.351252E-14,  0.000000E+00,  0.000000E+00,  0.000000E+00
  6.820000E+04,  2.298815E-14,  0.000000E+00,  0.000000E+00,  0.000000E+00
  6.860000E+04,  2.247054E-14,  0.000000E+00,  0.000000E+00,  0.000000E+00
  6.900000E+04,  2.196470E-14,  0.000000E+00,  0.000000E+00,  0.000000E+00
  6.940000E+04,  2.146747E-14,  0.000000E+00,  0.000000E+00,  0.000000E+00
  6.980000E+04,  2.100205E-14,  0.000000E+00,  0.000000E+00,  0.000000E+00
  7.020000E+04,  2.051776E-14,  0.000000E+00,  0.000000E+00,  0.000000E+00
  7.060000E+04,  2.008391E-14,  0.000000E+00,  0.000000E+00,  0.000000E+00
  7.100000E+04,  1.964837E-14,  0.000000E+00,  0.000000E+00,  0.000000E+00
  7.140000E+04,  1.921926E-14,  0.000000E+00,  0.000000E+00,  0.000000E+00
  7.180000E+04,  1.880371E-14,  0.000000E+00,  0.000000E+00,  0.000000E+00
  7.220000E+04,  1.839671E-14,  0.000000E+00,  0.000000E+00,  0.000000E+00
  7.260000E+04,  1.800145E-14,  0.000000E+00,  0.000000E+00,  0.000000E+00
  7.300000E+04,  1.762567E-14,  0.000000E+00,  0.000000E+00,  0.000000E+00
  7.340000E+04,  1.724123E-14,  0.000000E+00,  0.000000E+00,  0.000000E+00
  7.380000E+04,  1.688854E-14,  0.000000E+00,  0.000000E+00,  0.000000E+00
  7.420000E+04,  1.652750E-14,  0.000000E+00,  0.000000E+00,  0.000000E+00
  7.460000E+04,  1.612424E-14,  0.000000E+00,  0.000000E+00,  0.000000E+00
  7.500000E+04,  1.581159E-14,  0.000000E+00,  0.000000E+00,  0.000000E+00
  7.540000E+04,  1.552226E-14,  0.000000E+00,  0.000000E+00,  0.000000E+00
  7.580000E+04,  1.520789E-14,  0.000000E+00,  0.000000E+00,  0.000000E+00
  7.620000E+04,  1.489633E-14,  0.000000E+00,  0.000000E+00,  0.000000E+00
  7.660000E+04,  1.459556E-14,  0.000000E+00,  0.000000E+00,  0.000000E+00
  7.700000E+04,  1.429427E-14,  0.000000E+00,  0.000000E+00,  0.000000E+00
  7.740000E+04,  1.401269E-14,  0.000000E+00,  0.000000E+00,  0.000000E+00
  7.780000E+04,  1.373334E-14,  0.000000E+00,  0.000000E+00,  0.000000E+00
  7.820000E+04,  1.345947E-14,  0.000000E+00,  0.000000E+00,  0.000000E+00
  7.860000E+04,  1.319291E-14,  0.000000E+00,  0.000000E+00,  0.000000E+00
  7.900000E+04,  1.293246E-14,  0.000000E+00,  0.000000E+00,  0.000000E+00
  7.940000E+04,  1.267845E-14,  0.000000E+00,  0.000000E+00,  0.000000E+00
  7.980000E+04,  1.243099E-14,  0.000000E+00,  0.000000E+00,  0.000000E+00
  8.020000E+04,  1.218693E-14,  0.000000E+00,  0.000000E+00,  0.000000E+00
  8.060000E+04,  1.194846E-14,  0.000000E+00,  0.000000E+00,  0.000000E+00
  8.100000E+04,  1.172372E-14,  0.000000E+00,  0.000000E+00,  0.000000E+00
  8.140000E+04,  1.149095E-14,  0.000000E+00,  0.000000E+00,  0.000000E+00
  8.180000E+04,  1.127603E-14,  0.000000E+00,  0.000000E+00,  0.000000E+00
  8.220000E+04,  1.106611E-14,  0.000000E+00,  0.000000E+00,  0.000000E+00
  8.260000E+04,  1.085631E-14,  0.000000E+00,  0.000000E+00,  0.000000E+00
  8.300000E+04,  1.065299E-14,  0.000000E+00,  0.000000E+00,  0.000000E+00
  8.340000E+04,  1.044821E-14,  0.000000E+00,  0.000000E+00,  0.000000E+00
  8.380000E+04,  1.025670E-14,  0.000000E+00,  0.000000E+00,  0.000000E+00
  8.420000E+04,  1.006921E-14,  0.000000E+00,  0.000000E+00,  0.000000E+00
  8.460000E+04,  9.883320E-15,  0.000000E+00,  0.000000E+00,  0.000000E+00
  8.500000E+04,  9.702042E-15,  0.000000E+00,  0.000000E+00,  0.000000E+00
  8.540000E+04,  9.524636E-15,  0.000000E+00,  0.000000E+00,  0.000000E+00
  8.580000E+04,  9.351191E-15,  0.000000E+00,  0.000000E+00,  0.000000E+00
  8.620000E+04,  9.180532E-15,  0.000000E+00,  0.000000E+00,  0.000000E+00
  8.660000E+04,  9.016629E-15,  0.000000E+00,  0.000000E+00,  0.000000E+00
  8.700000E+04,  8.854959E-15,  0.000000E+00,  0.000000E+00,  0.000000E+00
  8.740000E+04,  8.693514E-15,  0.000000E+00,  0.000000E+00,  0.000000E+00
  8.780000E+04,  8.538949E-15,  0.000000E+00,  0.000000E+00,  0.000000E+00
  8.820000E+04,  8.386867E-15,  0.000000E+00,  0.000000E+00,  0.000000E+00
  8.860000E+04,  8.239139E-15,  0.000000E+00,  0.000000E+00,  0.000000E+00
  8.900000E+04,  8.093865E-15,  0.000000E+00,  0.000000E+00,  0.000000E+00
  8.940000E+04,  7.954891E-15,  0.000000E+00,  0.000000E+00,  0.000000E+00
  8.980000E+04,  7.812396E-15,  0.000000E+00,  0.000000E+00,  0.000000E+00
  9.020000E+04,  7.679779E-15,  0.000000E+00,  0.000000E+00,  0.000000E+00
  9.060000E+04,  7.550128E-15,  0.000000E+00,  0.000000E+00,  0.000000E+00
  9.100000E+04,  7.416008E-15,  0.000000E+00,  0.000000E+00,  0.000000E+00
  9.140000E+04,  7.289463E-15,  0.000000E+00,  0.000000E+00,  0.000000E+00
  9.180000E+04,  7.167883E-15,  0.000000E+00,  0.000000E+00,  0.000000E+00
  9.220000E+04,  7.047027E-15,  0.000000E+00,  0.000000E+00,  0.000000E+00
  9.260000E+04,  6.927374E-15,  0.000000E+00,  0.000000E+00,  0.000000E+00
  9.300000E+04,  6.811993E-15,  0.000000E+00,  0.000000E+00,  0.000000E+00
  9.340000E+04,  6.696274E-15,  0.000000E+00,  0.000000E+00,  0.000000E+00
  9.380000E+04,  6.584430E-15,  0.000000E+00,  0.000000E+00,  0.000000E+00
  9.420000E+04,  6.476780E-15,  0.000000E+00,  0.000000E+00,  0.000000E+00
  9.460000E+04,  6.367857E-15,  0.000000E+00,  0.000000E+00,  0.000000E+00
  9.500000E+04,  6.264324E-15,  0.000000E+00,  0.000000E+00,  0.000000E+00
  9.540000E+04,  6.160537E-15,  0.000000E+00,  0.000000E+00,  0.000000E+00
  9.580000E+04,  6.059560E-15,  0.000000E+00,  0.000000E+00,  0.000000E+00
  9.620000E+04,  5.960892E-15,  0.000000E+00,  0.000000E+00,  0.000000E+00
  9.660000E+04,  5.863899E-15,  0.000000E+00,  0.000000E+00,  0.000000E+00
  9.700000E+04,  5.770967E-15,  0.000000E+00,  0.000000E+00,  0.000000E+00
  9.740000E+04,  5.673544E-15,  0.000000E+00,  0.000000E+00,  0.000000E+00
  9.780000E+04,  5.583427E-15,  0.000000E+00,  0.000000E+00,  0.000000E+00
  9.820000E+04,  5.497508E-15,  0.000000E+00,  0.000000E+00,  0.000000E+00
  9.860000E+04,  5.410301E-15,  0.000000E+00,  0.000000E+00,  0.000000E+00
  9.900000E+04,  5.324345E-15,  0.000000E+00,  0.000000E+00,  0.000000E+00
  9.940000E+04,  5.238828E-15,  0.000000E+00,  0.000000E+00,  0.000000E+00
  9.980000E+04,  5.158531E-15,  0.000000E+00,  0.000000E+00,  0.000000E+00
  1.002000E+05,  5.077950E-15,  0.000000E+00,  0.000000E+00,  0.000000E+00
  2.000000E+05,  3.285134E-16,  0.000000E+00,  0.000000E+00,  0.000000E+00
  4.000000E+05,  2.063299E-17,  0.000000E+00,  0.000000E+00,  0.000000E+00
  6.000000E+05,  4.058147E-18,  0.000000E+00,  0.000000E+00,  0.000000E+00
  8.000000E+05,  1.277066E-18,  0.000000E+00,  0.000000E+00,  0.000000E+00
  1.000000E+06,  5.203189E-19,  0.000000E+00,  0.000000E+00,  0.000000E+00
  1.200000E+06,  2.496858E-19,  0.000000E+00,  0.000000E+00,  0.000000E+00
  1.400000E+06,  1.341655E-19,  0.000000E+00,  0.000000E+00,  0.000000E+00
  1.600000E+06,  7.831963E-20,  0.000000E+00,  0.000000E+00,  0.000000E+00
