wavelengths,fluxes,convolved_flux,filter_wavelengths,filter_trans
  1.472000E+02,  0.000000E+00,  0.000000E+00,  5.200000E+03,  0.000000E+00
  1.510000E+02,  0.000000E+00,  0.000000E+00,  5.400000E+03,  6.000000E-02
  1.552000E+02,  0.000000E+00,  0.000000E+00,  5.600000E+03,  2.800000E-01
  1.588000E+02,  0.000000E+00,  0.000000E+00,  5.800000E+03,  5.000000E-01
  1.620000E+02,  0.000000E+00,  0.000000E+00,  6.000000E+03,  6.900000E-01
  1.660000E+02,  0.000000E+00,  0.000000E+00,  6.200000E+03,  7.900000E-01
  1.703000E+02,  0.000000E+00,  0.000000E+00,  6.400000E+03,  8.800000E-01
  1.734000E+02,  0.000000E+00,  0.000000E+00,  6.600000E+03,  9.400000E-01
  1.768000E+02,  0.000000E+00,  0.000000E+00,  6.800000E+03,  9.800000E-01
  1.802000E+02,  0.000000E+00,  0.000000E+00,  7.000000E+03,  1.000000E+00
  1.817000E+02,  0.000000E+00,  0.000000E+00,  7.200000E+03,  9.400000E-01
  1.861000E+02,  0.000000E+00,  0.000000E+00,  7.400000E+03,  8.500000E-01
  1.910000E+02,  0.000000E+00,  0.000000E+00,  7.600000E+03,  7.300000E-01
  1.939000E+02,  0.000000E+00,  0.000000E+00,  7.800000E+03,  5.700000E-01
  1.984000E+02,  0.000000E+00,  0.000000E+00,  8.000000E+03,  4.200000E-01
  2.018000E+02,  0.000000E+00,  0.000000E+00,  8.200000E+03,  3.100000E-01
  2.050000E+02,  0.000000E+00,  0.000000E+00,  8.400000E+03,  1.700000E-01
  2.105000E+02,  0.000000E+00,  0.000000E+00,  8.600000E+03,  1.100000E-01
  2.162000E+02,  0.000000E+00,  0.000000E+00,  8.800000E+03,  6.000000E-02
  2.198000E+02,  0.000000E+00,  0.000000E+00,  9.000000E+03,  4.000000E-02
  2.230000E+02,  0.000000E+00,  0.000000E+00,  9.200000E+03,  2.000000E-02
  2.268000E+02,  0.000000E+00,  0.000000E+00,  9.400000E+03,  1.000000E-02
  2.300000E+02,  0.000000E+00,  0.000000E+00,  9.600000E+03,  0.000000E+00
  2.340000E+02,  0.000000E+00,  0.000000E+00,  0.000000E+00,  0.000000E+00
  2.400000E+02,  0.000000E+00,  0.000000E+00,  0.000000E+00,  0.000000E+00
  2.465000E+02,  0.000000E+00,  0.000000E+00,  0.000000E+00,  0.000000E+00
  2.524000E+02,  0.000000E+00,  0.000000E+00,  0.000000E+00,  0.000000E+00
  2.568000E+02,  0.000000E+00,  0.000000E+00,  0.000000E+00,  0.000000E+00
  2.600000E+02,  0.000000E+00,  0.000000E+00,  0.000000E+00,  0.000000E+00
  2.640000E+02,  0.000000E+00,  0.000000E+00,  0.000000E+00,  0.000000E+00
  2.685000E+02,  0.000000E+00,  0.000000E+00,  0.000000E+00,  0.000000E+00
  2.735000E+02,  0.000000E+00,  0.000000E+00,  0.000000E+00,  0.000000E+00
  2.785000E+02,  0.000000E+00,  0.000000E+00,  0.000000E+00,  0.000000E+00
  2.840000E+02,  0.000000E+00,  0.000000E+00,  0.000000E+00,  0.000000E+00
  2.900000E+02,  0.000000E+00,  0.000000E+00,  0.000000E+00,  0.000000E+00
  2.960000E+02,  0.000000E+00,  0.000000E+00,  0.000000E+00,  0.000000E+00
  3.010000E+02,  0.000000E+00,  0.000000E+00,  0.000000E+00,  0.000000E+00
  3.080000E+02,  0.000000E+00,  0.000000E+00,  0.000000E+00,  0.000000E+00
  3.180000E+02,  0.000000E+00,  0.000000E+00,  0.000000E+00,  0.000000E+00
  3.280000E+02,  0.000000E+00,  0.000000E+00,  0.000000E+00,  0.000000E+00
  3.380000E+02,  0.000000E+00,  0.000000E+00,  0.000000E+00,  0.000000E+00
  3.480000E+02,  0.000000E+00,  0.000000E+00,  0.000000E+00,  0.000000E+00
  3.570000E+02,  0.000000E+00,  0.000000E+00,  0.000000E+00,  0.000000E+00
  3.660000E+02,  0.000000E+00,  0.000000E+00,  0.000000E+00,  0.000000E+00
  3.750000E+02,  0.000000E+00,  0.000000E+00,  0.000000E+00,  0.000000E+00
  3.850000E+02,  0.000000E+00,  0.000000E+00,  0.000000E+00,  0.000000E+00
  3.950000E+02,  0.000000E+00,  0.000000E+00,  0.000000E+00,  0.000000E+00
  4.050000E+02,  0.000000E+00,  0.000000E+00,  0.000000E+00,  0.000000E+00
  4.140000E+02,  0.000000E+00,  0.000000E+00,  0.000000E+00,  0.000000E+00
  4.220000E+02,  0.000000E+00,  0.000000E+00,  0.000000E+00,  0.000000E+00
  4.300000E+02,  0.000000E+00,  0.000000E+00,  0.000000E+00,  0.000000E+00
  4.410000E+02,  0.000000E+00,  0.000000E+00,  0.000000E+00,  0.000000E+00
  4.510000E+02,  0.000000E+00,  0.000000E+00,  0.000000E+00,  0.000000E+00
  4.600000E+02,  0.000000E+00,  0.000000E+00,  0.000000E+00,  0.000000E+00
  4.700000E+02,  0.000000E+00,  0.000000E+00,  0.000000E+00,  0.000000E+00
  4.800000E+02,  0.000000E+00,  0.000000E+00,  0.000000E+00,  0.000000E+00
  4.900000E+02,  0.000000E+00,  0.000000E+00,  0.000000E+00,  0.000000E+00
  5.000000E+02,  0.000000E+00,  0.000000E+00,  0.000000E+00,  0.000000E+00
  5.060000E+02,  0.000000E+00,  0.000000E+00,  0.000000E+00,  0.000000E+00
  5.120000E+02,  0.000000E+00,  0.000000E+00,  0.000000E+00,  0.000000E+00
  5.200000E+02,  0.000000E+00,  0.000000E+00,  0.000000E+00,  0.000000E+00
  5.300000E+02,  0.000000E+00,  0.000000E+00,  0.000000E+00,  0.000000E+00
  5.400000E+02,  0.000000E+00,  0.000000E+00,  0.000000E+00,  0.000000E+00
  5.500000E+02,  0.000000E+00,  0.000000E+00,  0.000000E+00,  0.000000E+00
  5.600000E+02,  0.000000E+00,  0.000000E+00,  0.000000E+00,  0.000000E+00
  5.700000E+02,  0.000000E+00,  0.000000E+00,  0.000000E+00,  0.000000E+00
  5.800000E+02,  0.000000E+00,  0.000000E+00,  0.000000E+00,  0.000000E+00
  5.900000E+02,  0.000000E+00,  0.000000E+00,  0.000000E+00,  0.000000E+00
  6.000000E+02,  0.000000E+00,  0.000000E+00,  0.000000E+00,  0.000000E+00
  6.100000E+02,  0.000000E+00,  0.000000E+00,  0.000000E+00,  0.000000E+00
  6.200000E+02,  0.000000E+00,  0.000000E+00,  0.000000E+00,  0.000000E+00
  6.300000E+02,  0.000000E+00,  0.000000E+00,  0.000000E+00,  0.000000E+00
  6.400000E+02,  0.000000E+00,  0.000000E+00,  0.000000E+00,  0.000000E+00
  6.500000E+02,  0.000000E+00,  0.000000E+00,  0.000000E+00,  0.000000E+00
  6.580000E+02,  0.000000E+00,  0.000000E+00,  0.000000E+00,  0.000000E+00
  6.650000E+02,  0.000000E+00,  0.000000E+00,  0.000000E+00,  0.000000E+00
  6.750000E+02,  0.000000E+00,  0.000000E+00,  0.000000E+00,  0.000000E+00
  6.850000E+02,  0.000000E+00,  0.000000E+00,  0.000000E+00,  0.000000E+00
  6.950000E+02,  0.000000E+00,  0.000000E+00,  0.000000E+00,  0.000000E+00
  7.050000E+02,  0.000000E+00,  0.000000E+00,  0.000000E+00,  0.000000E+00
  7.160000E+02,  0.000000E+00,  0.000000E+00,  0.000000E+00,  0.000000E+00
  7.260000E+02,  0.000000E+00,  0.000000E+00,  0.000000E+00,  0.000000E+00
  7.350000E+02,  0.000000E+00,  0.000000E+00,  0.000000E+00,  0.000000E+00
  7.450000E+02,  0.000000E+00,  0.000000E+00,  0.000000E+00,  0.000000E+00
  7.550000E+02,  0.000000E+00,  0.000000E+00,  0.000000E+00,  0.000000E+00
  7.650000E+02,  0.000000E+00,  0.000000E+00,  0.000000E+00,  0.000000E+00
  7.750000E+02,  0.000000E+00,  0.000000E+00,  0.000000E+00,  0.000000E+00
  7.850000E+02,  0.000000E+00,  0.000000E+00,  0.000000E+00,  0.000000E+00
  7.950000E+02,  0.000000E+00,  0.000000E+00,  0.000000E+00,  0.000000E+00
  8.050000E+02,  0.000000E+00,  0.000000E+00,  0.000000E+00,  0.000000E+00
  8.150000E+02,  0.000000E+00,  0.000000E+00,  0.000000E+00,  0.000000E+00
  8.250000E+02,  0.000000E+00,  0.000000E+00,  0.000000E+00,  0.000000E+00
  8.350000E+02,  0.000000E+00,  0.000000E+00,  0.000000E+00,  0.000000E+00
  8.450000E+02,  0.000000E+00,  0.000000E+00,  0.000000E+00,  0.000000E+00
  8.550000E+02,  0.000000E+00,  0.000000E+00,  0.000000E+00,  0.000000E+00
  8.650000E+02,  0.000000E+00,  0.000000E+00,  0.000000E+00,  0.000000E+00
  8.750000E+02,  0.000000E+00,  0.000000E+00,  0.000000E+00,  0.000000E+00
  8.850000E+02,  0.000000E+00,  0.000000E+00,  0.000000E+00,  0.000000E+00
  8.950000E+02,  0.000000E+00,  0.000000E+00,  0.000000E+00,  0.000000E+00
  9.050000E+02,  0.000000E+00,  0.000000E+00,  0.000000E+00,  0.000000E+00
  9.150000E+02,  0.000000E+00,  0.000000E+00,  0.000000E+00,  0.000000E+00
  9.250000E+02,  0.000000E+00,  0.000000E+00,  0.000000E+00,  0.000000E+00
  9.350000E+02,  0.000000E+00,  0.000000E+00,  0.000000E+00,  0.000000E+00
  9.450000E+02,  0.000000E+00,  0.000000E+00,  0.000000E+00,  0.000000E+00
  9.550000E+02,  0.000000E+00,  0.000000E+00,  0.000000E+00,  0.000000E+00
  9.650000E+02,  0.000000E+00,  0.000000E+00,  0.000000E+00,  0.000000E+00
  9.750000E+02,  0.000000E+00,  0.000000E+00,  0.000000E+00,  0.000000E+00
  9.850000E+02,  0.000000E+00,  0.000000E+00,  0.000000E+00,  0.000000E+00
  9.950000E+02,  0.000000E+00,  0.000000E+00,  0.000000E+00,  0.000000E+00
  1.005000E+03,  0.000000E+00,  0.000000E+00,  0.000000E+00,  0.000000E+00
  1.015000E+03,  0.000000E+00,  0.000000E+00,  0.000000E+00,  0.000000E+00
  1.025000E+03,  0.000000E+00,  0.000000E+00,  0.000000E+00,  0.000000E+00
  1.035000E+03,  0.000000E+00,  0.000000E+00,  0.000000E+00,  0.000000E+00
  1.045000E+03,  0.000000E+00,  0.000000E+00,  0.000000E+00,  0.000000E+00
  1.055000E+03,  0.000000E+00,  0.000000E+00,  0.000000E+00,  0.000000E+00
  1.065000E+03,  0.000000E+00,  0.000000E+00,  0.000000E+00,  0.000000E+00
  1.075000E+03,  0.000000E+00,  0.000000E+00,  0.000000E+00,  0.000000E+00
  1.085000E+03,  0.000000E+00,  0.000000E+00,  0.000000E+00,  0.000000E+00
  1.095000E+03,  0.000000E+00,  0.000000E+00,  0.000000E+00,  0.000000E+00
  1.105000E+03,  0.000000E+00,  0.000000E+00,  0.000000E+00,  0.000000E+00
  1.115000E+03,  0.000000E+00,  0.000000E+00,  0.000000E+00,  0.000000E+00
  1.125000E+03,  0.000000E+00,  0.000000E+00,  0.000000E+00,  0.000000E+00
  1.135000E+03,  0.000000E+00,  0.000000E+00,  0.000000E+00,  0.000000E+00
  1.145000E+03,  0.000000E+00,  0.000000E+00,  0.000000E+00,  0.000000E+00
  1.155000E+03,  0.000000E+00,  0.000000E+00,  0.000000E+00,  0.000000E+00
  1.165000E+03,  0.000000E+00,  0.000000E+00,  0.000000E+00,  0.000000E+00
  1.175000E+03,  0.000000E+00,  0.000000E+00,  0.000000E+00,  0.000000E+00
  1.185000E+03,  0.000000E+00,  0.000000E+00,  0.000000E+00,  0.000000E+00
  1.195000E+03,  0.000000E+00,  0.000000E+00,  0.000000E+00,  0.000000E+00
  1.205000E+03,  0.000000E+00,  0.000000E+00,  0.000000E+00,  0.000000E+00
  1.215000E+03,  0.000000E+00,  0.000000E+00,  0.000000E+00,  0.000000E+00
  1.225000E+03,  0.000000E+00,  0.000000E+00,  0.000000E+00,  0.000000E+00
  1.235000E+03,  0.000000E+00,  0.000000E+00,  0.000000E+00,  0.000000E+00
  1.245000E+03,  0.000000E+00,  0.000000E+00,  0.000000E+00,  0.000000E+00
  1.255000E+03,  0.000000E+00,  0.000000E+00,  0.000000E+00,  0.000000E+00
  1.265000E+03,  0.000000E+00,  0.000000E+00,  0.000000E+00,  0.000000E+00
  1.275000E+03,  0.000000E+00,  0.000000E+00,  0.000000E+00,  0.000000E+00
  1.285000E+03,  0.000000E+00,  0.000000E+00,  0.000000E+00,  0.000000E+00
  1.295000E+03,  0.000000E+00,  0.000000E+00,  0.000000E+00,  0.000000E+00
  1.305000E+03,  0.000000E+00,  0.000000E+00,  0.000000E+00,  0.000000E+00
  1.315000E+03,  0.000000E+00,  0.000000E+00,  0.000000E+00,  0.000000E+00
  1.325000E+03,  0.000000E+00,  0.000000E+00,  0.000000E+00,  0.000000E+00
  1.335000E+03,  0.000000E+00,  0.000000E+00,  0.000000E+00,  0.000000E+00
  1.345000E+03,  0.000000E+00,  0.000000E+00,  0.000000E+00,  0.000000E+00
  1.355000E+03,  0.000000E+00,  0.000000E+00,  0.000000E+00,  0.000000E+00
  1.365000E+03,  0.000000E+00,  0.000000E+00,  0.000000E+00,  0.000000E+00
  1.375000E+03,  1.482732E-23,  0.000000E+00,  0.000000E+00,  0.000000E+00
  1.385000E+03,  4.243535E-23,  0.000000E+00,  0.000000E+00,  0.000000E+00
  1.395000E+03,  4.715939E-23,  0.000000E+00,  0.000000E+00,  0.000000E+00
  1.405000E+03,  1.381424E-22,  0.000000E+00,  0.000000E+00,  0.000000E+00
  1.415000E+03,  2.405277E-22,  0.000000E+00,  0.000000E+00,  0.000000E+00
  1.425000E+03,  3.135408E-22,  0.000000E+00,  0.000000E+00,  0.000000E+00
  1.435000E+03,  4.633953E-22,  0.000000E+00,  0.000000E+00,  0.000000E+00
  1.442000E+03,  6.365612E-22,  0.000000E+00,  0.000000E+00,  0.000000E+00
  1.447000E+03,  6.747115E-22,  0.000000E+00,  0.000000E+00,  0.000000E+00
  1.455000E+03,  8.204878E-22,  0.000000E+00,  0.000000E+00,  0.000000E+00
  1.465000E+03,  1.213632E-21,  0.000000E+00,  0.000000E+00,  0.000000E+00
  1.475000E+03,  1.340396E-21,  0.000000E+00,  0.000000E+00,  0.000000E+00
  1.485000E+03,  1.537244E-21,  0.000000E+00,  0.000000E+00,  0.000000E+00
  1.495000E+03,  2.654427E-21,  0.000000E+00,  0.000000E+00,  0.000000E+00
  1.505000E+03,  3.558400E-21,  0.000000E+00,  0.000000E+00,  0.000000E+00
  1.512000E+03,  3.357606E-21,  0.000000E+00,  0.000000E+00,  0.000000E+00
  1.517000E+03,  4.473413E-21,  0.000000E+00,  0.000000E+00,  0.000000E+00
  1.525000E+03,  7.096571E-21,  0.000000E+00,  0.000000E+00,  0.000000E+00
  1.535000E+03,  4.372401E-20,  0.000000E+00,  0.000000E+00,  0.000000E+00
  1.545000E+03,  3.910473E-20,  0.000000E+00,  0.000000E+00,  0.000000E+00
  1.555000E+03,  7.381019E-20,  0.000000E+00,  0.000000E+00,  0.000000E+00
  1.565000E+03,  6.700622E-20,  0.000000E+00,  0.000000E+00,  0.000000E+00
  1.575000E+03,  2.042832E-19,  0.000000E+00,  0.000000E+00,  0.000000E+00
  1.585000E+03,  1.961436E-19,  0.000000E+00,  0.000000E+00,  0.000000E+00
  1.595000E+03,  1.874075E-19,  0.000000E+00,  0.000000E+00,  0.000000E+00
  1.605000E+03,  1.648374E-19,  0.000000E+00,  0.000000E+00,  0.000000E+00
  1.615000E+03,  1.512408E-19,  0.000000E+00,  0.000000E+00,  0.000000E+00
  1.625000E+03,  1.129823E-19,  0.000000E+00,  0.000000E+00,  0.000000E+00
  1.635000E+03,  2.127099E-19,  0.000000E+00,  0.000000E+00,  0.000000E+00
  1.645000E+03,  2.781879E-19,  0.000000E+00,  0.000000E+00,  0.000000E+00
  1.655000E+03,  1.899727E-19,  0.000000E+00,  0.000000E+00,  0.000000E+00
  1.665000E+03,  3.545040E-19,  0.000000E+00,  0.000000E+00,  0.000000E+00
  1.672000E+03,  2.364800E-19,  0.000000E+00,  0.000000E+00,  0.000000E+00
  1.677000E+03,  5.330085E-19,  0.000000E+00,  0.000000E+00,  0.000000E+00
  1.685000E+03,  6.725363E-19,  0.000000E+00,  0.000000E+00,  0.000000E+00
  1.695000E+03,  9.052535E-19,  0.000000E+00,  0.000000E+00,  0.000000E+00
  1.705000E+03,  8.787002E-19,  0.000000E+00,  0.000000E+00,  0.000000E+00
  1.715000E+03,  1.150788E-18,  0.000000E+00,  0.000000E+00,  0.000000E+00
  1.725000E+03,  1.896116E-18,  0.000000E+00,  0.000000E+00,  0.000000E+00
  1.735000E+03,  2.100480E-18,  0.000000E+00,  0.000000E+00,  0.000000E+00
  1.745000E+03,  3.549044E-18,  0.000000E+00,  0.000000E+00,  0.000000E+00
  1.755000E+03,  1.932622E-18,  0.000000E+00,  0.000000E+00,  0.000000E+00
  1.765000E+03,  4.283169E-18,  0.000000E+00,  0.000000E+00,  0.000000E+00
  1.775000E+03,  2.245619E-18,  0.000000E+00,  0.000000E+00,  0.000000E+00
  1.785000E+03,  9.261020E-18,  0.000000E+00,  0.000000E+00,  0.000000E+00
  1.795000E+03,  4.663252E-18,  0.000000E+00,  0.000000E+00,  0.000000E+00
  1.805000E+03,  1.367721E-17,  0.000000E+00,  0.000000E+00,  0.000000E+00
  1.815000E+03,  5.930090E-18,  0.000000E+00,  0.000000E+00,  0.000000E+00
  1.825000E+03,  1.476900E-17,  0.000000E+00,  0.000000E+00,  0.000000E+00
  1.835000E+03,  1.109184E-17,  0.000000E+00,  0.000000E+00,  0.000000E+00
  1.845000E+03,  1.941748E-17,  0.000000E+00,  0.000000E+00,  0.000000E+00
  1.855000E+03,  1.007261E-17,  0.000000E+00,  0.000000E+00,  0.000000E+00
  1.865000E+03,  2.611453E-17,  0.000000E+00,  0.000000E+00,  0.000000E+00
  1.875000E+03,  2.139209E-17,  0.000000E+00,  0.000000E+00,  0.000000E+00
  1.885000E+03,  3.037085E-17,  0.000000E+00,  0.000000E+00,  0.000000E+00
  1.895000E+03,  3.968234E-17,  0.000000E+00,  0.000000E+00,  0.000000E+00
  1.905000E+03,  3.748845E-17,  0.000000E+00,  0.000000E+00,  0.000000E+00
  1.915000E+03,  6.170867E-17,  0.000000E+00,  0.000000E+00,  0.000000E+00
  1.925000E+03,  4.371597E-17,  0.000000E+00,  0.000000E+00,  0.000000E+00
  1.935000E+03,  2.496928E-17,  0.000000E+00,  0.000000E+00,  0.000000E+00
  1.945000E+03,  6.525484E-17,  0.000000E+00,  0.000000E+00,  0.000000E+00
  1.955000E+03,  1.028496E-16,  0.000000E+00,  0.000000E+00,  0.000000E+00
  1.967000E+03,  1.078412E-16,  0.000000E+00,  0.000000E+00,  0.000000E+00
  1.976000E+03,  1.239731E-16,  0.000000E+00,  0.000000E+00,  0.000000E+00
  1.984000E+03,  1.623851E-16,  0.000000E+00,  0.000000E+00,  0.000000E+00
  1.995000E+03,  1.379218E-16,  0.000000E+00,  0.000000E+00,  0.000000E+00
  2.005000E+03,  1.643736E-16,  0.000000E+00,  0.000000E+00,  0.000000E+00
  2.015000E+03,  1.858396E-16,  0.000000E+00,  0.000000E+00,  0.000000E+00
  2.025000E+03,  1.557828E-16,  0.000000E+00,  0.000000E+00,  0.000000E+00
  2.035000E+03,  2.124649E-16,  0.000000E+00,  0.000000E+00,  0.000000E+00
  2.045000E+03,  2.180217E-16,  0.000000E+00,  0.000000E+00,  0.000000E+00
  2.055000E+03,  2.641532E-16,  0.000000E+00,  0.000000E+00,  0.000000E+00
  2.065000E+03,  2.426572E-16,  0.000000E+00,  0.000000E+00,  0.000000E+00
  2.074000E+03,  2.005582E-16,  0.000000E+00,  0.000000E+00,  0.000000E+00
  2.078000E+03,  2.979803E-16,  0.000000E+00,  0.000000E+00,  0.000000E+00
  2.085000E+03,  3.715819E-16,  0.000000E+00,  0.000000E+00,  0.000000E+00
  2.095000E+03,  5.440681E-16,  0.000000E+00,  0.000000E+00,  0.000000E+00
  2.105000E+03,  4.847205E-16,  0.000000E+00,  0.000000E+00,  0.000000E+00
  2.115000E+03,  3.119777E-16,  0.000000E+00,  0.000000E+00,  0.000000E+00
  2.125000E+03,  4.512875E-16,  0.000000E+00,  0.000000E+00,  0.000000E+00
  2.135000E+03,  6.081801E-16,  0.000000E+00,  0.000000E+00,  0.000000E+00
  2.145000E+03,  1.791875E-16,  0.000000E+00,  0.000000E+00,  0.000000E+00
  2.155000E+03,  4.105676E-16,  0.000000E+00,  0.000000E+00,  0.000000E+00
  2.165000E+03,  4.782909E-16,  0.000000E+00,  0.000000E+00,  0.000000E+00
  2.175000E+03,  5.881078E-16,  0.000000E+00,  0.000000E+00,  0.000000E+00
  2.185000E+03,  1.257301E-16,  0.000000E+00,  0.000000E+00,  0.000000E+00
  2.195000E+03,  8.214902E-16,  0.000000E+00,  0.000000E+00,  0.000000E+00
  2.205000E+03,  5.011565E-16,  0.000000E+00,  0.000000E+00,  0.000000E+00
  2.215000E+03,  9.468768E-16,  0.000000E+00,  0.000000E+00,  0.000000E+00
  2.225000E+03,  4.585153E-16,  0.000000E+00,  0.000000E+00,  0.000000E+00
  2.235000E+03,  8.991742E-16,  0.000000E+00,  0.000000E+00,  0.000000E+00
  2.245000E+03,  1.245911E-15,  0.000000E+00,  0.000000E+00,  0.000000E+00
  2.255000E+03,  2.093963E-15,  0.000000E+00,  0.000000E+00,  0.000000E+00
  2.265000E+03,  1.028353E-15,  0.000000E+00,  0.000000E+00,  0.000000E+00
  2.275000E+03,  2.164950E-15,  0.000000E+00,  0.000000E+00,  0.000000E+00
  2.285000E+03,  1.782939E-15,  0.000000E+00,  0.000000E+00,  0.000000E+00
  2.295000E+03,  3.311322E-15,  0.000000E+00,  0.000000E+00,  0.000000E+00
  2.305000E+03,  6.550771E-16,  0.000000E+00,  0.000000E+00,  0.000000E+00
  2.315000E+03,  4.164288E-15,  0.000000E+00,  0.000000E+00,  0.000000E+00
  2.325000E+03,  3.302088E-15,  0.000000E+00,  0.000000E+00,  0.000000E+00
  2.335000E+03,  5.619474E-15,  0.000000E+00,  0.000000E+00,  0.000000E+00
  2.345000E+03,  3.486225E-15,  0.000000E+00,  0.000000E+00,  0.000000E+00
  2.355000E+03,  2.287825E-15,  0.000000E+00,  0.000000E+00,  0.000000E+00
  2.365000E+03,  4.000616E-15,  0.000000E+00,  0.000000E+00,  0.000000E+00
  2.375000E+03,  3.713300E-15,  0.000000E+00,  0.000000E+00,  0.000000E+00
  2.385000E+03,  6.283784E-15,  0.000000E+00,  0.000000E+00,  0.000000E+00
  2.395000E+03,  6.127860E-15,  0.000000E+00,  0.000000E+00,  0.000000E+00
  2.405000E+03,  9.836623E-15,  0.000000E+00,  0.000000E+00,  0.000000E+00
  2.415000E+03,  6.044273E-15,  0.000000E+00,  0.000000E+00,  0.000000E+00
  2.425000E+03,  7.234485E-15,  0.000000E+00,  0.000000E+00,  0.000000E+00
  2.435000E+03,  1.023541E-14,  0.000000E+00,  0.000000E+00,  0.000000E+00
  2.445000E+03,  1.390699E-14,  0.000000E+00,  0.000000E+00,  0.000000E+00
  2.455000E+03,  1.544797E-14,  0.000000E+00,  0.000000E+00,  0.000000E+00
  2.465000E+03,  9.989917E-15,  0.000000E+00,  0.000000E+00,  0.000000E+00
  2.475000E+03,  1.521785E-14,  0.000000E+00,  0.000000E+00,  0.000000E+00
  2.485000E+03,  6.003690E-15,  0.000000E+00,  0.000000E+00,  0.000000E+00
  2.495000E+03,  7.170147E-15,  0.000000E+00,  0.000000E+00,  0.000000E+00
  2.505000E+03,  1.406270E-14,  0.000000E+00,  0.000000E+00,  0.000000E+00
  2.513000E+03,  1.000792E-14,  0.000000E+00,  0.000000E+00,  0.000000E+00
  2.518000E+03,  8.727321E-15,  0.000000E+00,  0.000000E+00,  0.000000E+00
  2.525000E+03,  9.505604E-15,  0.000000E+00,  0.000000E+00,  0.000000E+00
  2.535000E+03,  1.989998E-14,  0.000000E+00,  0.000000E+00,  0.000000E+00
  2.545000E+03,  2.437967E-14,  0.000000E+00,  0.000000E+00,  0.000000E+00
  2.555000E+03,  3.600482E-14,  0.000000E+00,  0.000000E+00,  0.000000E+00
  2.565000E+03,  2.358112E-14,  0.000000E+00,  0.000000E+00,  0.000000E+00
  2.575000E+03,  4.015395E-14,  0.000000E+00,  0.000000E+00,  0.000000E+00
  2.585000E+03,  3.428324E-14,  0.000000E+00,  0.000000E+00,  0.000000E+00
  2.595000E+03,  3.954839E-14,  0.000000E+00,  0.000000E+00,  0.000000E+00
  2.605000E+03,  4.889972E-14,  0.000000E+00,  0.000000E+00,  0.000000E+00
  2.615000E+03,  4.346758E-14,  0.000000E+00,  0.000000E+00,  0.000000E+00
  2.625000E+03,  6.338714E-14,  0.000000E+00,  0.000000E+00,  0.000000E+00
  2.635000E+03,  1.425996E-13,  0.000000E+00,  0.000000E+00,  0.000000E+00
  2.645000E+03,  1.312075E-13,  0.000000E+00,  0.000000E+00,  0.000000E+00
  2.655000E+03,  2.854134E-13,  0.000000E+00,  0.000000E+00,  0.000000E+00
  2.665000E+03,  1.598544E-13,  0.000000E+00,  0.000000E+00,  0.000000E+00
  2.675000E+03,  1.376596E-13,  0.000000E+00,  0.000000E+00,  0.000000E+00
  2.685000E+03,  2.116119E-13,  0.000000E+00,  0.000000E+00,  0.000000E+00
  2.695000E+03,  9.360868E-14,  0.000000E+00,  0.000000E+00,  0.000000E+00
  2.705000E+03,  1.801420E-13,  0.000000E+00,  0.000000E+00,  0.000000E+00
  2.715000E+03,  1.092276E-13,  0.000000E+00,  0.000000E+00,  0.000000E+00
  2.725000E+03,  7.105317E-14,  0.000000E+00,  0.000000E+00,  0.000000E+00
  2.735000E+03,  9.379553E-14,  0.000000E+00,  0.000000E+00,  0.000000E+00
  2.745000E+03,  1.009430E-13,  0.000000E+00,  0.000000E+00,  0.000000E+00
  2.755000E+03,  1.172178E-13,  0.000000E+00,  0.000000E+00,  0.000000E+00
  2.765000E+03,  1.628777E-13,  0.000000E+00,  0.000000E+00,  0.000000E+00
  2.775000E+03,  1.823942E-13,  0.000000E+00,  0.000000E+00,  0.000000E+00
  2.785000E+03,  1.137842E-13,  0.000000E+00,  0.000000E+00,  0.000000E+00
  2.795000E+03,  8.480631E-14,  0.000000E+00,  0.000000E+00,  0.000000E+00
  2.805000E+03,  9.712534E-14,  0.000000E+00,  0.000000E+00,  0.000000E+00
  2.815000E+03,  1.480596E-13,  0.000000E+00,  0.000000E+00,  0.000000E+00
  2.825000E+03,  1.469331E-13,  0.000000E+00,  0.000000E+00,  0.000000E+00
  2.835000E+03,  1.185914E-13,  0.000000E+00,  0.000000E+00,  0.000000E+00
  2.845000E+03,  8.088002E-14,  0.000000E+00,  0.000000E+00,  0.000000E+00
  2.855000E+03,  3.704990E-14,  0.000000E+00,  0.000000E+00,  0.000000E+00
  2.865000E+03,  1.120634E-13,  0.000000E+00,  0.000000E+00,  0.000000E+00
  2.875000E+03,  1.449443E-13,  0.000000E+00,  0.000000E+00,  0.000000E+00
  2.885000E+03,  2.083358E-13,  0.000000E+00,  0.000000E+00,  0.000000E+00
  2.895000E+03,  3.128385E-13,  0.000000E+00,  0.000000E+00,  0.000000E+00
  2.910000E+03,  5.198232E-13,  0.000000E+00,  0.000000E+00,  0.000000E+00
  2.930000E+03,  5.419413E-13,  0.000000E+00,  0.000000E+00,  0.000000E+00
  2.950000E+03,  4.540778E-13,  0.000000E+00,  0.000000E+00,  0.000000E+00
  2.970000E+03,  4.486830E-13,  0.000000E+00,  0.000000E+00,  0.000000E+00
  2.990000E+03,  4.527275E-13,  0.000000E+00,  0.000000E+00,  0.000000E+00
  3.010000E+03,  4.007614E-13,  0.000000E+00,  0.000000E+00,  0.000000E+00
  3.030000E+03,  6.008812E-13,  0.000000E+00,  0.000000E+00,  0.000000E+00
  3.050000E+03,  6.311167E-13,  0.000000E+00,  0.000000E+00,  0.000000E+00
  3.070000E+03,  9.981072E-13,  0.000000E+00,  0.000000E+00,  0.000000E+00
  3.090000E+03,  8.103411E-13,  0.000000E+00,  0.000000E+00,  0.000000E+00
  3.110000E+03,  1.468415E-12,  0.000000E+00,  0.000000E+00,  0.000000E+00
  3.130000E+03,  1.228309E-12,  0.000000E+00,  0.000000E+00,  0.000000E+00
  3.150000E+03,  1.577867E-12,  0.000000E+00,  0.000000E+00,  0.000000E+00
  3.170000E+03,  1.963236E-12,  0.000000E+00,  0.000000E+00,  0.000000E+00
  3.190000E+03,  1.555154E-12,  0.000000E+00,  0.000000E+00,  0.000000E+00
  3.210000E+03,  1.615399E-12,  0.000000E+00,  0.000000E+00,  0.000000E+00
  3.230000E+03,  1.370921E-12,  0.000000E+00,  0.000000E+00,  0.000000E+00
  3.250000E+03,  2.425127E-12,  0.000000E+00,  0.000000E+00,  0.000000E+00
  3.270000E+03,  3.285404E-12,  0.000000E+00,  0.000000E+00,  0.000000E+00
  3.290000E+03,  3.477929E-12,  0.000000E+00,  0.000000E+00,  0.000000E+00
  3.310000E+03,  2.678111E-12,  0.000000E+00,  0.000000E+00,  0.000000E+00
  3.330000E+03,  2.759694E-12,  0.000000E+00,  0.000000E+00,  0.000000E+00
  3.350000E+03,  2.448758E-12,  0.000000E+00,  0.000000E+00,  0.000000E+00
  3.370000E+03,  1.347820E-12,  0.000000E+00,  0.000000E+00,  0.000000E+00
  3.390000E+03,  1.690741E-12,  0.000000E+00,  0.000000E+00,  0.000000E+00
  3.410000E+03,  1.841809E-12,  0.000000E+00,  0.000000E+00,  0.000000E+00
  3.430000E+03,  2.216419E-12,  0.000000E+00,  0.000000E+00,  0.000000E+00
  3.450000E+03,  2.097069E-12,  0.000000E+00,  0.000000E+00,  0.000000E+00
  3.470000E+03,  2.163999E-12,  0.000000E+00,  0.000000E+00,  0.000000E+00
  3.490000E+03,  2.998701E-12,  0.000000E+00,  0.000000E+00,  0.000000E+00
  3.510000E+03,  3.631331E-12,  0.000000E+00,  0.000000E+00,  0.000000E+00
  3.530000E+03,  3.194986E-12,  0.000000E+00,  0.000000E+00,  0.000000E+00
  3.550000E+03,  4.182329E-12,  0.000000E+00,  0.000000E+00,  0.000000E+00
  3.570000E+03,  1.923327E-12,  0.000000E+00,  0.000000E+00,  0.000000E+00
  3.590000E+03,  2.051534E-12,  0.000000E+00,  0.000000E+00,  0.000000E+00
  3.610000E+03,  3.031329E-12,  0.000000E+00,  0.000000E+00,  0.000000E+00
  3.630000E+03,  3.489478E-12,  0.000000E+00,  0.000000E+00,  0.000000E+00
  3.640000E+03,  3.832800E-12,  0.000000E+00,  0.000000E+00,  0.000000E+00
  3.650000E+03,  4.675716E-12,  0.000000E+00,  0.000000E+00,  0.000000E+00
  3.670000E+03,  5.455633E-12,  0.000000E+00,  0.000000E+00,  0.000000E+00
  3.690000E+03,  4.379532E-12,  0.000000E+00,  0.000000E+00,  0.000000E+00
  3.710000E+03,  3.977520E-12,  0.000000E+00,  0.000000E+00,  0.000000E+00
  3.730000E+03,  1.707789E-12,  0.000000E+00,  0.000000E+00,  0.000000E+00
  3.750000E+03,  2.115078E-12,  0.000000E+00,  0.000000E+00,  0.000000E+00
  3.770000E+03,  4.084587E-12,  0.000000E+00,  0.000000E+00,  0.000000E+00
  3.790000E+03,  4.302444E-12,  0.000000E+00,  0.000000E+00,  0.000000E+00
  3.810000E+03,  3.604236E-12,  0.000000E+00,  0.000000E+00,  0.000000E+00
  3.830000E+03,  1.525421E-12,  0.000000E+00,  0.000000E+00,  0.000000E+00
  3.850000E+03,  2.377347E-12,  0.000000E+00,  0.000000E+00,  0.000000E+00
  3.870000E+03,  2.349092E-12,  0.000000E+00,  0.000000E+00,  0.000000E+00
  3.890000E+03,  3.308199E-12,  0.000000E+00,  0.000000E+00,  0.000000E+00
  3.910000E+03,  4.716426E-12,  0.000000E+00,  0.000000E+00,  0.000000E+00
  3.930000E+03,  1.844314E-12,  0.000000E+00,  0.000000E+00,  0.000000E+00
  3.950000E+03,  3.940808E-12,  0.000000E+00,  0.000000E+00,  0.000000E+00
  3.970000E+03,  2.640157E-12,  0.000000E+00,  0.000000E+00,  0.000000E+00
  3.990000E+03,  7.331315E-12,  0.000000E+00,  0.000000E+00,  0.000000E+00
  4.010000E+03,  8.662249E-12,  0.000000E+00,  0.000000E+00,  0.000000E+00
  4.030000E+03,  7.512525E-12,  0.000000E+00,  0.000000E+00,  0.000000E+00
  4.050000E+03,  7.280585E-12,  0.000000E+00,  0.000000E+00,  0.000000E+00
  4.070000E+03,  6.618206E-12,  0.000000E+00,  0.000000E+00,  0.000000E+00
  4.090000E+03,  9.369928E-12,  0.000000E+00,  0.000000E+00,  0.000000E+00
  4.110000E+03,  7.823443E-12,  0.000000E+00,  0.000000E+00,  0.000000E+00
  4.130000E+03,  7.742885E-12,  0.000000E+00,  0.000000E+00,  0.000000E+00
  4.150000E+03,  7.062585E-12,  0.000000E+00,  0.000000E+00,  0.000000E+00
  4.170000E+03,  7.393430E-12,  0.000000E+00,  0.000000E+00,  0.000000E+00
  4.190000E+03,  7.255172E-12,  0.000000E+00,  0.000000E+00,  0.000000E+00
  4.210000E+03,  7.303778E-12,  0.000000E+00,  0.000000E+00,  0.000000E+00
  4.230000E+03,  6.250383E-12,  0.000000E+00,  0.000000E+00,  0.000000E+00
  4.250000E+03,  7.738855E-12,  0.000000E+00,  0.000000E+00,  0.000000E+00
  4.270000E+03,  6.996390E-12,  0.000000E+00,  0.000000E+00,  0.000000E+00
  4.290000E+03,  6.492175E-12,  0.000000E+00,  0.000000E+00,  0.000000E+00
  4.310000E+03,  6.155555E-12,  0.000000E+00,  0.000000E+00,  0.000000E+00
  4.330000E+03,  9.514393E-12,  0.000000E+00,  0.000000E+00,  0.000000E+00
  4.350000E+03,  9.753802E-12,  0.000000E+00,  0.000000E+00,  0.000000E+00
  4.370000E+03,  1.045480E-11,  0.000000E+00,  0.000000E+00,  0.000000E+00
  4.390000E+03,  8.791300E-12,  0.000000E+00,  0.000000E+00,  0.000000E+00
  4.410000E+03,  9.569685E-12,  0.000000E+00,  0.000000E+00,  0.000000E+00
  4.430000E+03,  1.066273E-11,  0.000000E+00,  0.000000E+00,  0.000000E+00
  4.450000E+03,  1.083902E-11,  0.000000E+00,  0.000000E+00,  0.000000E+00
  4.470000E+03,  1.198564E-11,  0.000000E+00,  0.000000E+00,  0.000000E+00
  4.490000E+03,  1.247405E-11,  0.000000E+00,  0.000000E+00,  0.000000E+00
  4.510000E+03,  1.459219E-11,  0.000000E+00,  0.000000E+00,  0.000000E+00
  4.530000E+03,  1.226091E-11,  0.000000E+00,  0.000000E+00,  0.000000E+00
  4.550000E+03,  1.336155E-11,  0.000000E+00,  0.000000E+00,  0.000000E+00
  4.570000E+03,  1.436276E-11,  0.000000E+00,  0.000000E+00,  0.000000E+00
  4.590000E+03,  1.375439E-11,  0.000000E+00,  0.000000E+00,  0.000000E+00
  4.610000E+03,  1.420591E-11,  0.000000E+00,  0.000000E+00,  0.000000E+00
  4.630000E+03,  1.413272E-11,  0.000000E+00,  0.000000E+00,  0.000000E+00
  4.650000E+03,  1.395696E-11,  0.000000E+00,  0.000000E+00,  0.000000E+00
  4.670000E+03,  1.492950E-11,  0.000000E+00,  0.000000E+00,  0.000000E+00
  4.690000E+03,  1.457038E-11,  0.000000E+00,  0.000000E+00,  0.000000E+00
  4.710000E+03,  1.383856E-11,  0.000000E+00,  0.000000E+00,  0.000000E+00
  4.730000E+03,  1.419940E-11,  0.000000E+00,  0.000000E+00,  0.000000E+00
  4.750000E+03,  1.427799E-11,  0.000000E+00,  0.000000E+00,  0.000000E+00
  4.770000E+03,  1.380866E-11,  0.000000E+00,  0.000000E+00,  0.000000E+00
  4.790000E+03,  1.418222E-11,  0.000000E+00,  0.000000E+00,  0.000000E+00
  4.810000E+03,  1.493852E-11,  0.000000E+00,  0.000000E+00,  0.000000E+00
  4.830000E+03,  1.507089E-11,  0.000000E+00,  0.000000E+00,  0.000000E+00
  4.850000E+03,  1.485896E-11,  0.000000E+00,  0.000000E+00,  0.000000E+00
  4.870000E+03,  1.367004E-11,  0.000000E+00,  0.000000E+00,  0.000000E+00
  4.890000E+03,  1.447605E-11,  0.000000E+00,  0.000000E+00,  0.000000E+00
  4.910000E+03,  1.458914E-11,  0.000000E+00,  0.000000E+00,  0.000000E+00
  4.930000E+03,  1.375246E-11,  0.000000E+00,  0.000000E+00,  0.000000E+00
  4.950000E+03,  1.431097E-11,  0.000000E+00,  0.000000E+00,  0.000000E+00
  4.970000E+03,  1.419237E-11,  0.000000E+00,  0.000000E+00,  0.000000E+00
  4.990000E+03,  1.276718E-11,  0.000000E+00,  0.000000E+00,  0.000000E+00
  5.010000E+03,  1.158671E-11,  0.000000E+00,  0.000000E+00,  0.000000E+00
  5.030000E+03,  1.252002E-11,  0.000000E+00,  0.000000E+00,  0.000000E+00
  5.050000E+03,  1.189707E-11,  0.000000E+00,  0.000000E+00,  0.000000E+00
  5.070000E+03,  1.203341E-11,  0.000000E+00,  0.000000E+00,  0.000000E+00
  5.090000E+03,  1.133661E-11,  0.000000E+00,  0.000000E+00,  0.000000E+00
  5.110000E+03,  1.154866E-11,  0.000000E+00,  0.000000E+00,  0.000000E+00
  5.130000E+03,  1.107552E-11,  0.000000E+00,  0.000000E+00,  0.000000E+00
  5.150000E+03,  1.039954E-11,  0.000000E+00,  0.000000E+00,  0.000000E+00
  5.170000E+03,  8.633894E-12,  0.000000E+00,  0.000000E+00,  0.000000E+00
  5.190000E+03,  9.440187E-12,  0.000000E+00,  0.000000E+00,  0.000000E+00
  5.210000E+03,  1.127500E-11,  3.382500E-14,  0.000000E+00,  0.000000E+00
  5.230000E+03,  1.427230E-11,  1.284507E-13,  0.000000E+00,  0.000000E+00
  5.250000E+03,  1.532543E-11,  2.298814E-13,  0.000000E+00,  0.000000E+00
  5.270000E+03,  1.278258E-11,  2.684342E-13,  0.000000E+00,  0.000000E+00
  5.290000E+03,  1.540541E-11,  4.159462E-13,  0.000000E+00,  0.000000E+00
  5.310000E+03,  1.668070E-11,  5.504630E-13,  0.000000E+00,  0.000000E+00
  5.330000E+03,  1.429026E-11,  5.573202E-13,  0.000000E+00,  0.000000E+00
  5.350000E+03,  1.575610E-11,  7.090245E-13,  0.000000E+00,  0.000000E+00
  5.370000E+03,  1.566113E-11,  7.987174E-13,  0.000000E+00,  0.000000E+00
  5.390000E+03,  1.522402E-11,  8.677691E-13,  0.000000E+00,  0.000000E+00
  5.410000E+03,  1.489682E-11,  1.057674E-12,  0.000000E+00,  0.000000E+00
  5.430000E+03,  1.507574E-11,  1.402044E-12,  0.000000E+00,  0.000000E+00
  5.450000E+03,  1.563768E-11,  1.798334E-12,  0.000000E+00,  0.000000E+00
  5.470000E+03,  1.575271E-11,  2.158121E-12,  0.000000E+00,  0.000000E+00
  5.490000E+03,  1.582126E-11,  2.515581E-12,  0.000000E+00,  0.000000E+00
  5.510000E+03,  1.549427E-11,  2.804463E-12,  0.000000E+00,  0.000000E+00
  5.530000E+03,  1.621271E-11,  3.291180E-12,  0.000000E+00,  0.000000E+00
  5.550000E+03,  1.658903E-11,  3.732533E-12,  0.000000E+00,  0.000000E+00
  5.570000E+03,  1.592250E-11,  3.932859E-12,  0.000000E+00,  0.000000E+00
  5.590000E+03,  1.517799E-11,  4.082878E-12,  0.000000E+00,  0.000000E+00
  5.610000E+03,  1.619956E-11,  4.714072E-12,  0.000000E+00,  0.000000E+00
  5.630000E+03,  1.648955E-11,  5.161230E-12,  0.000000E+00,  0.000000E+00
  5.650000E+03,  1.666655E-11,  5.583295E-12,  0.000000E+00,  0.000000E+00
  5.670000E+03,  1.620241E-11,  5.784260E-12,  0.000000E+00,  0.000000E+00
  5.690000E+03,  1.650444E-11,  6.255181E-12,  0.000000E+00,  0.000000E+00
  5.710000E+03,  1.579586E-11,  6.334139E-12,  0.000000E+00,  0.000000E+00
  5.730000E+03,  1.716612E-11,  7.261267E-12,  0.000000E+00,  0.000000E+00
  5.750000E+03,  1.681322E-11,  7.481884E-12,  0.000000E+00,  0.000000E+00
  5.770000E+03,  1.700933E-11,  7.943355E-12,  0.000000E+00,  0.000000E+00
  5.790000E+03,  1.614747E-11,  7.896113E-12,  0.000000E+00,  0.000000E+00
  5.810000E+03,  1.693119E-11,  8.626439E-12,  0.000000E+00,  0.000000E+00
  5.830000E+03,  1.738196E-11,  9.186365E-12,  0.000000E+00,  0.000000E+00
  5.850000E+03,  1.677068E-11,  9.181946E-12,  0.000000E+00,  0.000000E+00
  5.870000E+03,  1.679671E-11,  9.515336E-12,  0.000000E+00,  0.000000E+00
  5.890000E+03,  1.241057E-11,  7.266392E-12,  0.000000E+00,  0.000000E+00
  5.910000E+03,  1.642465E-11,  9.928700E-12,  0.000000E+00,  0.000000E+00
  5.930000E+03,  1.672874E-11,  1.043037E-11,  0.000000E+00,  0.000000E+00
  5.950000E+03,  1.677930E-11,  1.078070E-11,  0.000000E+00,  0.000000E+00
  5.970000E+03,  1.700729E-11,  1.125032E-11,  0.000000E+00,  0.000000E+00
  5.990000E+03,  1.680750E-11,  1.143751E-11,  0.000000E+00,  0.000000E+00
  6.010000E+03,  1.650331E-11,  1.146980E-11,  0.000000E+00,  0.000000E+00
  6.030000E+03,  1.679214E-11,  1.183846E-11,  0.000000E+00,  0.000000E+00
  6.050000E+03,  1.709722E-11,  1.222451E-11,  0.000000E+00,  0.000000E+00
  6.070000E+03,  1.691047E-11,  1.226009E-11,  0.000000E+00,  0.000000E+00
  6.090000E+03,  1.640299E-11,  1.205620E-11,  0.000000E+00,  0.000000E+00
  6.110000E+03,  1.640350E-11,  1.222061E-11,  0.000000E+00,  0.000000E+00
  6.130000E+03,  1.537134E-11,  1.160536E-11,  0.000000E+00,  0.000000E+00
  6.150000E+03,  1.614686E-11,  1.235235E-11,  0.000000E+00,  0.000000E+00
  6.170000E+03,  1.482811E-11,  1.149179E-11,  0.000000E+00,  0.000000E+00
  6.190000E+03,  1.640332E-11,  1.287660E-11,  0.000000E+00,  0.000000E+00
  6.210000E+03,  1.632099E-11,  1.296703E-11,  0.000000E+00,  0.000000E+00
  6.230000E+03,  1.588251E-11,  1.276160E-11,  0.000000E+00,  0.000000E+00
  6.250000E+03,  1.539043E-11,  1.250472E-11,  0.000000E+00,  0.000000E+00
  6.270000E+03,  1.600545E-11,  1.314848E-11,  0.000000E+00,  0.000000E+00
  6.290000E+03,  1.626464E-11,  1.350778E-11,  0.000000E+00,  0.000000E+00
  6.310000E+03,  1.576094E-11,  1.323131E-11,  0.000000E+00,  0.000000E+00
  6.330000E+03,  1.594309E-11,  1.352772E-11,  0.000000E+00,  0.000000E+00
  6.350000E+03,  1.608826E-11,  1.379568E-11,  0.000000E+00,  0.000000E+00
  6.370000E+03,  1.603562E-11,  1.389487E-11,  0.000000E+00,  0.000000E+00
  6.390000E+03,  1.622685E-11,  1.420660E-11,  0.000000E+00,  0.000000E+00
  6.410000E+03,  1.582962E-11,  1.397756E-11,  0.000000E+00,  0.000000E+00
  6.430000E+03,  1.593077E-11,  1.416245E-11,  0.000000E+00,  0.000000E+00
  6.450000E+03,  1.561164E-11,  1.397242E-11,  0.000000E+00,  0.000000E+00
  6.470000E+03,  1.557068E-11,  1.402918E-11,  0.000000E+00,  0.000000E+00
  6.490000E+03,  1.536683E-11,  1.393772E-11,  0.000000E+00,  0.000000E+00
  6.510000E+03,  1.595917E-11,  1.457072E-11,  0.000000E+00,  0.000000E+00
  6.530000E+03,  1.615997E-11,  1.485101E-11,  0.000000E+00,  0.000000E+00
  6.550000E+03,  1.585459E-11,  1.466550E-11,  0.000000E+00,  0.000000E+00
  6.570000E+03,  1.544747E-11,  1.438159E-11,  0.000000E+00,  0.000000E+00
  6.590000E+03,  1.587084E-11,  1.487097E-11,  0.000000E+00,  0.000000E+00
  6.610000E+03,  1.599658E-11,  1.506878E-11,  0.000000E+00,  0.000000E+00
  6.630000E+03,  1.593784E-11,  1.507720E-11,  0.000000E+00,  0.000000E+00
  6.650000E+03,  1.590330E-11,  1.510813E-11,  0.000000E+00,  0.000000E+00
  6.670000E+03,  1.566178E-11,  1.494134E-11,  0.000000E+00,  0.000000E+00
  6.690000E+03,  1.596364E-11,  1.529316E-11,  0.000000E+00,  0.000000E+00
  6.710000E+03,  1.549830E-11,  1.490936E-11,  0.000000E+00,  0.000000E+00
  6.730000E+03,  1.594662E-11,  1.540444E-11,  0.000000E+00,  0.000000E+00
  6.750000E+03,  1.566021E-11,  1.519040E-11,  0.000000E+00,  0.000000E+00
  6.770000E+03,  1.575241E-11,  1.534285E-11,  0.000000E+00,  0.000000E+00
  6.790000E+03,  1.565067E-11,  1.530635E-11,  0.000000E+00,  0.000000E+00
  6.810000E+03,  1.559480E-11,  1.529850E-11,  0.000000E+00,  0.000000E+00
  6.830000E+03,  1.577517E-11,  1.550699E-11,  0.000000E+00,  0.000000E+00
  6.850000E+03,  1.538799E-11,  1.515717E-11,  0.000000E+00,  0.000000E+00
  6.870000E+03,  1.549909E-11,  1.529761E-11,  0.000000E+00,  0.000000E+00
  6.890000E+03,  1.555157E-11,  1.538050E-11,  0.000000E+00,  0.000000E+00
  6.910000E+03,  1.548468E-11,  1.534532E-11,  0.000000E+00,  0.000000E+00
  6.930000E+03,  1.536493E-11,  1.525737E-11,  0.000000E+00,  0.000000E+00
  6.950000E+03,  1.529729E-11,  1.522080E-11,  0.000000E+00,  0.000000E+00
  6.970000E+03,  1.539213E-11,  1.534595E-11,  0.000000E+00,  0.000000E+00
  6.990000E+03,  1.516021E-11,  1.514505E-11,  0.000000E+00,  0.000000E+00
  7.010000E+03,  1.496566E-11,  1.492076E-11,  0.000000E+00,  0.000000E+00
  7.030000E+03,  1.516107E-11,  1.502462E-11,  0.000000E+00,  0.000000E+00
  7.050000E+03,  1.522577E-11,  1.499738E-11,  0.000000E+00,  0.000000E+00
  7.070000E+03,  1.500639E-11,  1.469126E-11,  0.000000E+00,  0.000000E+00
  7.090000E+03,  1.495190E-11,  1.454820E-11,  0.000000E+00,  0.000000E+00
  7.110000E+03,  1.501895E-11,  1.452332E-11,  0.000000E+00,  0.000000E+00
  7.130000E+03,  1.475226E-11,  1.417692E-11,  0.000000E+00,  0.000000E+00
  7.150000E+03,  1.447870E-11,  1.382715E-11,  0.000000E+00,  0.000000E+00
  7.170000E+03,  1.478301E-11,  1.402908E-11,  0.000000E+00,  0.000000E+00
  7.190000E+03,  1.431064E-11,  1.349494E-11,  0.000000E+00,  0.000000E+00
  7.210000E+03,  1.446270E-11,  1.352986E-11,  0.000000E+00,  0.000000E+00
  7.230000E+03,  1.478298E-11,  1.369643E-11,  0.000000E+00,  0.000000E+00
  7.250000E+03,  1.467446E-11,  1.346382E-11,  0.000000E+00,  0.000000E+00
  7.270000E+03,  1.470554E-11,  1.335999E-11,  0.000000E+00,  0.000000E+00
  7.290000E+03,  1.441813E-11,  1.296910E-11,  0.000000E+00,  0.000000E+00
  7.310000E+03,  1.455023E-11,  1.295698E-11,  0.000000E+00,  0.000000E+00
  7.330000E+03,  1.437389E-11,  1.267059E-11,  0.000000E+00,  0.000000E+00
  7.350000E+03,  1.439571E-11,  1.256026E-11,  0.000000E+00,  0.000000E+00
  7.370000E+03,  1.455503E-11,  1.256827E-11,  0.000000E+00,  0.000000E+00
  7.390000E+03,  1.428692E-11,  1.220817E-11,  0.000000E+00,  0.000000E+00
  7.410000E+03,  1.413353E-11,  1.192870E-11,  0.000000E+00,  0.000000E+00
  7.430000E+03,  1.432008E-11,  1.191431E-11,  0.000000E+00,  0.000000E+00
  7.450000E+03,  1.424861E-11,  1.168386E-11,  0.000000E+00,  0.000000E+00
  7.470000E+03,  1.433192E-11,  1.158019E-11,  0.000000E+00,  0.000000E+00
  7.490000E+03,  1.422370E-11,  1.132206E-11,  0.000000E+00,  0.000000E+00
  7.510000E+03,  1.428270E-11,  1.119764E-11,  0.000000E+00,  0.000000E+00
  7.530000E+03,  1.433916E-11,  1.106983E-11,  0.000000E+00,  0.000000E+00
  7.550000E+03,  1.436409E-11,  1.091671E-11,  0.000000E+00,  0.000000E+00
  7.570000E+03,  1.423634E-11,  1.064879E-11,  0.000000E+00,  0.000000E+00
  7.590000E+03,  1.415877E-11,  1.042086E-11,  0.000000E+00,  0.000000E+00
  7.610000E+03,  1.412431E-11,  1.019775E-11,  0.000000E+00,  0.000000E+00
  7.630000E+03,  1.418906E-11,  1.001747E-11,  0.000000E+00,  0.000000E+00
  7.650000E+03,  1.415299E-11,  9.765562E-12,  0.000000E+00,  0.000000E+00
  7.670000E+03,  1.361102E-11,  9.173825E-12,  0.000000E+00,  0.000000E+00
  7.690000E+03,  1.408311E-11,  9.266684E-12,  0.000000E+00,  0.000000E+00
  7.710000E+03,  1.380461E-11,  8.862559E-12,  0.000000E+00,  0.000000E+00
  7.730000E+03,  1.390931E-11,  8.707230E-12,  0.000000E+00,  0.000000E+00
  7.750000E+03,  1.373487E-11,  8.378273E-12,  0.000000E+00,  0.000000E+00
  7.770000E+03,  1.404365E-11,  8.341929E-12,  0.000000E+00,  0.000000E+00
  7.790000E+03,  1.393804E-11,  8.056186E-12,  0.000000E+00,  0.000000E+00
  7.810000E+03,  1.390376E-11,  7.820863E-12,  0.000000E+00,  0.000000E+00
  7.830000E+03,  1.369545E-11,  7.498258E-12,  0.000000E+00,  0.000000E+00
  7.850000E+03,  1.371977E-11,  7.305779E-12,  0.000000E+00,  0.000000E+00
  7.870000E+03,  1.383034E-11,  7.157203E-12,  0.000000E+00,  0.000000E+00
  7.890000E+03,  1.367395E-11,  6.871158E-12,  0.000000E+00,  0.000000E+00
  7.910000E+03,  1.344310E-11,  6.553509E-12,  0.000000E+00,  0.000000E+00
  7.930000E+03,  1.327697E-11,  6.273366E-12,  0.000000E+00,  0.000000E+00
  7.950000E+03,  1.313368E-11,  6.008658E-12,  0.000000E+00,  0.000000E+00
  7.970000E+03,  1.349784E-11,  5.972793E-12,  0.000000E+00,  0.000000E+00
  7.990000E+03,  1.340009E-11,  5.728537E-12,  0.000000E+00,  0.000000E+00
  8.010000E+03,  1.330055E-11,  5.513080E-12,  0.000000E+00,  0.000000E+00
  8.030000E+03,  1.331013E-11,  5.370637E-12,  0.000000E+00,  0.000000E+00
  8.050000E+03,  1.317231E-11,  5.170133E-12,  0.000000E+00,  0.000000E+00
  8.070000E+03,  1.318904E-11,  5.031618E-12,  0.000000E+00,  0.000000E+00
  8.090000E+03,  1.297914E-11,  4.808771E-12,  0.000000E+00,  0.000000E+00
  8.110000E+03,  1.303675E-11,  4.686711E-12,  0.000000E+00,  0.000000E+00
  8.130000E+03,  1.314654E-11,  4.581571E-12,  0.000000E+00,  0.000000E+00
  8.150000E+03,  1.309918E-11,  4.420972E-12,  0.000000E+00,  0.000000E+00
  8.170000E+03,  1.306021E-11,  4.264158E-12,  0.000000E+00,  0.000000E+00
  8.190000E+03,  1.244424E-11,  3.926158E-12,  0.000000E+00,  0.000000E+00
  8.210000E+03,  1.271173E-11,  3.851655E-12,  0.000000E+00,  0.000000E+00
  8.230000E+03,  1.275289E-11,  3.685587E-12,  0.000000E+00,  0.000000E+00
  8.250000E+03,  1.284708E-11,  3.532947E-12,  0.000000E+00,  0.000000E+00
  8.270000E+03,  1.296535E-11,  3.383957E-12,  0.000000E+00,  0.000000E+00
  8.290000E+03,  1.287871E-11,  3.181041E-12,  0.000000E+00,  0.000000E+00
  8.310000E+03,  1.259389E-11,  2.934377E-12,  0.000000E+00,  0.000000E+00
  8.330000E+03,  1.239938E-11,  2.715464E-12,  0.000000E+00,  0.000000E+00
  8.350000E+03,  1.254613E-11,  2.571956E-12,  0.000000E+00,  0.000000E+00
  8.370000E+03,  1.258447E-11,  2.403633E-12,  0.000000E+00,  0.000000E+00
  8.390000E+03,  1.199939E-11,  2.123891E-12,  0.000000E+00,  0.000000E+00
  8.410000E+03,  1.255204E-11,  2.096191E-12,  0.000000E+00,  0.000000E+00
  8.430000E+03,  1.217486E-11,  1.960153E-12,  0.000000E+00,  0.000000E+00
  8.450000E+03,  1.245986E-11,  1.931278E-12,  0.000000E+00,  0.000000E+00
  8.470000E+03,  1.233975E-11,  1.838623E-12,  0.000000E+00,  0.000000E+00
  8.490000E+03,  1.226976E-11,  1.754575E-12,  0.000000E+00,  0.000000E+00
  8.510000E+03,  1.169641E-11,  1.602408E-12,  0.000000E+00,  0.000000E+00
  8.530000E+03,  1.209556E-11,  1.584518E-12,  0.000000E+00,  0.000000E+00
  8.550000E+03,  1.043692E-11,  1.304614E-12,  0.000000E+00,  0.000000E+00
  8.570000E+03,  1.237383E-11,  1.472486E-12,  0.000000E+00,  0.000000E+00
  8.590000E+03,  1.221719E-11,  1.380542E-12,  0.000000E+00,  0.000000E+00
  8.610000E+03,  1.217199E-11,  1.308489E-12,  0.000000E+00,  0.000000E+00
  8.630000E+03,  1.222646E-11,  1.253212E-12,  0.000000E+00,  0.000000E+00
  8.650000E+03,  1.213539E-11,  1.183201E-12,  0.000000E+00,  0.000000E+00
  8.670000E+03,  1.044249E-11,  9.659300E-13,  0.000000E+00,  0.000000E+00
  8.690000E+03,  1.158652E-11,  1.013820E-12,  0.000000E+00,  0.000000E+00
  8.710000E+03,  1.202484E-11,  9.920494E-13,  0.000000E+00,  0.000000E+00
  8.730000E+03,  1.199724E-11,  9.297860E-13,  0.000000E+00,  0.000000E+00
  8.750000E+03,  1.196015E-11,  8.671106E-13,  0.000000E+00,  0.000000E+00
  8.770000E+03,  1.197063E-11,  8.080176E-13,  0.000000E+00,  0.000000E+00
  8.790000E+03,  1.194791E-11,  7.467444E-13,  0.000000E+00,  0.000000E+00
  8.810000E+03,  1.148638E-11,  6.776966E-13,  0.000000E+00,  0.000000E+00
  8.830000E+03,  1.169058E-11,  6.663632E-13,  0.000000E+00,  0.000000E+00
  8.850000E+03,  1.185968E-11,  6.522822E-13,  0.000000E+00,  0.000000E+00
  8.870000E+03,  1.169290E-11,  6.197236E-13,  0.000000E+00,  0.000000E+00
  8.890000E+03,  1.189528E-11,  6.066591E-13,  0.000000E+00,  0.000000E+00
  8.910000E+03,  1.190075E-11,  5.831368E-13,  0.000000E+00,  0.000000E+00
  8.930000E+03,  1.167908E-11,  5.489169E-13,  0.000000E+00,  0.000000E+00
  8.950000E+03,  1.159953E-11,  5.219787E-13,  0.000000E+00,  0.000000E+00
  8.970000E+03,  1.163602E-11,  5.003491E-13,  0.000000E+00,  0.000000E+00
  8.990000E+03,  1.167570E-11,  4.787035E-13,  0.000000E+00,  0.000000E+00
  9.010000E+03,  1.116852E-11,  4.355723E-13,  0.000000E+00,  0.000000E+00
  9.030000E+03,  1.150159E-11,  4.255589E-13,  0.000000E+00,  0.000000E+00
  9.050000E+03,  1.168054E-11,  4.088188E-13,  0.000000E+00,  0.000000E+00
  9.070000E+03,  1.159849E-11,  3.827503E-13,  0.000000E+00,  0.000000E+00
  9.090000E+03,  1.123229E-11,  3.482009E-13,  0.000000E+00,  0.000000E+00
  9.110000E+03,  1.126904E-11,  3.268022E-13,  0.000000E+00,  0.000000E+00
  9.130000E+03,  1.143498E-11,  3.087445E-13,  0.000000E+00,  0.000000E+00
  9.150000E+03,  1.120431E-11,  2.801078E-13,  0.000000E+00,  0.000000E+00
  9.170000E+03,  1.108804E-11,  2.550249E-13,  0.000000E+00,  0.000000E+00
  9.190000E+03,  1.113107E-11,  2.337525E-13,  0.000000E+00,  0.000000E+00
  9.210000E+03,  1.090354E-11,  2.126191E-13,  0.000000E+00,  0.000000E+00
  9.230000E+03,  1.097919E-11,  2.031150E-13,  0.000000E+00,  0.000000E+00
  9.250000E+03,  1.082784E-11,  1.894872E-13,  0.000000E+00,  0.000000E+00
  9.270000E+03,  1.093500E-11,  1.804275E-13,  0.000000E+00,  0.000000E+00
  9.290000E+03,  1.084663E-11,  1.681227E-13,  0.000000E+00,  0.000000E+00
  9.310000E+03,  1.099775E-11,  1.594674E-13,  0.000000E+00,  0.000000E+00
  9.330000E+03,  1.096241E-11,  1.479925E-13,  0.000000E+00,  0.000000E+00
  9.350000E+03,  1.088056E-11,  1.360069E-13,  0.000000E+00,  0.000000E+00
  9.370000E+03,  1.077404E-11,  1.239015E-13,  0.000000E+00,  0.000000E+00
  9.390000E+03,  1.079793E-11,  1.133783E-13,  0.000000E+00,  0.000000E+00
  9.410000E+03,  1.050082E-11,  9.975775E-14,  0.000000E+00,  0.000000E+00
  9.430000E+03,  1.068368E-11,  9.081125E-14,  0.000000E+00,  0.000000E+00
  9.450000E+03,  1.047600E-11,  7.856997E-14,  0.000000E+00,  0.000000E+00
  9.470000E+03,  1.068597E-11,  6.945883E-14,  0.000000E+00,  0.000000E+00
  9.490000E+03,  1.068284E-11,  5.875559E-14,  0.000000E+00,  0.000000E+00
  9.510000E+03,  1.067366E-11,  4.803149E-14,  0.000000E+00,  0.000000E+00
  9.530000E+03,  1.058534E-11,  3.704868E-14,  0.000000E+00,  0.000000E+00
  9.550000E+03,  1.047314E-11,  2.618284E-14,  0.000000E+00,  0.000000E+00
  9.570000E+03,  1.047788E-11,  1.571682E-14,  0.000000E+00,  0.000000E+00
  9.590000E+03,  1.059526E-11,  5.297632E-15,  0.000000E+00,  0.000000E+00
  9.610000E+03,  1.046382E-11,  0.000000E+00,  0.000000E+00,  0.000000E+00
  9.630000E+03,  1.045578E-11,  0.000000E+00,  0.000000E+00,  0.000000E+00
  9.650000E+03,  1.020103E-11,  0.000000E+00,  0.000000E+00,  0.000000E+00
  9.670000E+03,  1.021392E-11,  0.000000E+00,  0.000000E+00,  0.000000E+00
  9.690000E+03,  1.037636E-11,  0.000000E+00,  0.000000E+00,  0.000000E+00
  9.710000E+03,  1.027815E-11,  0.000000E+00,  0.000000E+00,  0.000000E+00
  9.730000E+03,  1.020001E-11,  0.000000E+00,  0.000000E+00,  0.000000E+00
  9.750000E+03,  1.018216E-11,  0.000000E+00,  0.000000E+00,  0.000000E+00
  9.770000E+03,  1.022041E-11,  0.000000E+00,  0.000000E+00,  0.000000E+00
  9.790000E+03,  1.002020E-11,  0.000000E+00,  0.000000E+00,  0.000000E+00
  9.810000E+03,  1.027113E-11,  0.000000E+00,  0.000000E+00,  0.000000E+00
  9.830000E+03,  1.017467E-11,  0.000000E+00,  0.000000E+00,  0.000000E+00
  9.850000E+03,  1.024979E-11,  0.000000E+00,  0.000000E+00,  0.000000E+00
  9.870000E+03,  1.017423E-11,  0.000000E+00,  0.000000E+00,  0.000000E+00
  9.890000E+03,  1.016913E-11,  0.000000E+00,  0.000000E+00,  0.000000E+00
  9.910000E+03,  1.011650E-11,  0.000000E+00,  0.000000E+00,  0.000000E+00
  9.930000E+03,  1.014521E-11,  0.000000E+00,  0.000000E+00,  0.000000E+00
  9.950000E+03,  1.010475E-11,  0.000000E+00,  0.000000E+00,  0.000000E+00
  9.970000E+03,  1.010110E-11,  0.000000E+00,  0.000000E+00,  0.000000E+00
  9.990000E+03,  1.006796E-11,  0.000000E+00,  0.000000E+00,  0.000000E+00
  1.002500E+04,  9.993616E-12,  0.000000E+00,  0.000000E+00,  0.000000E+00
  1.007500E+04,  9.895527E-12,  0.000000E+00,  0.000000E+00,  0.000000E+00
  1.012500E+04,  9.863322E-12,  0.000000E+00,  0.000000E+00,  0.000000E+00
  1.017500E+04,  9.737219E-12,  0.000000E+00,  0.000000E+00,  0.000000E+00
  1.022500E+04,  9.692422E-12,  0.000000E+00,  0.000000E+00,  0.000000E+00
  1.027500E+04,  9.682891E-12,  0.000000E+00,  0.000000E+00,  0.000000E+00
  1.032500E+04,  9.508515E-12,  0.000000E+00,  0.000000E+00,  0.000000E+00
  1.037500E+04,  9.447096E-12,  0.000000E+00,  0.000000E+00,  0.000000E+00
  1.042500E+04,  9.464836E-12,  0.000000E+00,  0.000000E+00,  0.000000E+00
  1.047500E+04,  9.343072E-12,  0.000000E+00,  0.000000E+00,  0.000000E+00
  1.052500E+04,  9.333946E-12,  0.000000E+00,  0.000000E+00,  0.000000E+00
  1.057500E+04,  9.204294E-12,  0.000000E+00,  0.000000E+00,  0.000000E+00
  1.062500E+04,  9.151861E-12,  0.000000E+00,  0.000000E+00,  0.000000E+00
  1.067500E+04,  9.008440E-12,  0.000000E+00,  0.000000E+00,  0.000000E+00
  1.072500E+04,  9.000204E-12,  0.000000E+00,  0.000000E+00,  0.000000E+00
  1.077500E+04,  8.887491E-12,  0.000000E+00,  0.000000E+00,  0.000000E+00
  1.082500E+04,  8.689794E-12,  0.000000E+00,  0.000000E+00,  0.000000E+00
  1.087500E+04,  8.703366E-12,  0.000000E+00,  0.000000E+00,  0.000000E+00
  1.092500E+04,  8.676179E-12,  0.000000E+00,  0.000000E+00,  0.000000E+00
  1.097500E+04,  8.358921E-12,  0.000000E+00,  0.000000E+00,  0.000000E+00
  1.102500E+04,  8.338326E-12,  0.000000E+00,  0.000000E+00,  0.000000E+00
  1.107500E+04,  8.370897E-12,  0.000000E+00,  0.000000E+00,  0.000000E+00
  1.112500E+04,  8.299977E-12,  0.000000E+00,  0.000000E+00,  0.000000E+00
  1.117500E+04,  8.278395E-12,  0.000000E+00,  0.000000E+00,  0.000000E+00
  1.122500E+04,  8.263232E-12,  0.000000E+00,  0.000000E+00,  0.000000E+00
  1.127500E+04,  8.095643E-12,  0.000000E+00,  0.000000E+00,  0.000000E+00
  1.132500E+04,  8.148222E-12,  0.000000E+00,  0.000000E+00,  0.000000E+00
  1.137500E+04,  8.006543E-12,  0.000000E+00,  0.000000E+00,  0.000000E+00
  1.142500E+04,  7.944217E-12,  0.000000E+00,  0.000000E+00,  0.000000E+00
  1.147500E+04,  8.037559E-12,  0.000000E+00,  0.000000E+00,  0.000000E+00
  1.152500E+04,  8.024369E-12,  0.000000E+00,  0.000000E+00,  0.000000E+00
  1.157500E+04,  7.914149E-12,  0.000000E+00,  0.000000E+00,  0.000000E+00
  1.162500E+04,  7.773228E-12,  0.000000E+00,  0.000000E+00,  0.000000E+00
  1.167500E+04,  7.796428E-12,  0.000000E+00,  0.000000E+00,  0.000000E+00
  1.172500E+04,  7.859116E-12,  0.000000E+00,  0.000000E+00,  0.000000E+00
  1.177500E+04,  7.695663E-12,  0.000000E+00,  0.000000E+00,  0.000000E+00
  1.182500E+04,  7.576256E-12,  0.000000E+00,  0.000000E+00,  0.000000E+00
  1.187500E+04,  7.532861E-12,  0.000000E+00,  0.000000E+00,  0.000000E+00
  1.192500E+04,  7.672164E-12,  0.000000E+00,  0.000000E+00,  0.000000E+00
  1.197500E+04,  7.319628E-12,  0.000000E+00,  0.000000E+00,  0.000000E+00
  1.202500E+04,  7.471726E-12,  0.000000E+00,  0.000000E+00,  0.000000E+00
  1.207500E+04,  7.367703E-12,  0.000000E+00,  0.000000E+00,  0.000000E+00
  1.212500E+04,  7.430623E-12,  0.000000E+00,  0.000000E+00,  0.000000E+00
  1.217500E+04,  7.438404E-12,  0.000000E+00,  0.000000E+00,  0.000000E+00
  1.222500E+04,  7.391071E-12,  0.000000E+00,  0.000000E+00,  0.000000E+00
  1.227500E+04,  7.317010E-12,  0.000000E+00,  0.000000E+00,  0.000000E+00
  1.232500E+04,  7.284560E-12,  0.000000E+00,  0.000000E+00,  0.000000E+00
  1.237500E+04,  7.248475E-12,  0.000000E+00,  0.000000E+00,  0.000000E+00
  1.242500E+04,  7.166759E-12,  0.000000E+00,  0.000000E+00,  0.000000E+00
  1.247500E+04,  7.175232E-12,  0.000000E+00,  0.000000E+00,  0.000000E+00
  1.252500E+04,  7.096025E-12,  0.000000E+00,  0.000000E+00,  0.000000E+00
  1.257500E+04,  7.085171E-12,  0.000000E+00,  0.000000E+00,  0.000000E+00
  1.262500E+04,  7.032853E-12,  0.000000E+00,  0.000000E+00,  0.000000E+00
  1.267500E+04,  6.954988E-12,  0.000000E+00,  0.000000E+00,  0.000000E+00
  1.272500E+04,  6.962014E-12,  0.000000E+00,  0.000000E+00,  0.000000E+00
  1.277500E+04,  6.944375E-12,  0.000000E+00,  0.000000E+00,  0.000000E+00
  1.282500E+04,  6.724458E-12,  0.000000E+00,  0.000000E+00,  0.000000E+00
  1.287500E+04,  6.811231E-12,  0.000000E+00,  0.000000E+00,  0.000000E+00
  1.292500E+04,  6.717694E-12,  0.000000E+00,  0.000000E+00,  0.000000E+00
  1.297500E+04,  6.771602E-12,  0.000000E+00,  0.000000E+00,  0.000000E+00
  1.302500E+04,  6.704431E-12,  0.000000E+00,  0.000000E+00,  0.000000E+00
  1.307500E+04,  6.710130E-12,  0.000000E+00,  0.000000E+00,  0.000000E+00
  1.312500E+04,  6.530938E-12,  0.000000E+00,  0.000000E+00,  0.000000E+00
  1.317500E+04,  6.530622E-12,  0.000000E+00,  0.000000E+00,  0.000000E+00
  1.322500E+04,  6.584694E-12,  0.000000E+00,  0.000000E+00,  0.000000E+00
  1.327500E+04,  6.474192E-12,  0.000000E+00,  0.000000E+00,  0.000000E+00
  1.332500E+04,  6.477955E-12,  0.000000E+00,  0.000000E+00,  0.000000E+00
  1.337500E+04,  6.460132E-12,  0.000000E+00,  0.000000E+00,  0.000000E+00
  1.342500E+04,  6.468621E-12,  0.000000E+00,  0.000000E+00,  0.000000E+00
  1.347500E+04,  6.426963E-12,  0.000000E+00,  0.000000E+00,  0.000000E+00
  1.352500E+04,  6.401395E-12,  0.000000E+00,  0.000000E+00,  0.000000E+00
  1.357500E+04,  6.300319E-12,  0.000000E+00,  0.000000E+00,  0.000000E+00
  1.362500E+04,  6.264967E-12,  0.000000E+00,  0.000000E+00,  0.000000E+00
  1.367500E+04,  6.278761E-12,  0.000000E+00,  0.000000E+00,  0.000000E+00
  1.372500E+04,  6.281175E-12,  0.000000E+00,  0.000000E+00,  0.000000E+00
  1.377500E+04,  6.229102E-12,  0.000000E+00,  0.000000E+00,  0.000000E+00
  1.382500E+04,  6.219951E-12,  0.000000E+00,  0.000000E+00,  0.000000E+00
  1.387500E+04,  6.148834E-12,  0.000000E+00,  0.000000E+00,  0.000000E+00
  1.392500E+04,  6.125437E-12,  0.000000E+00,  0.000000E+00,  0.000000E+00
  1.397500E+04,  6.108554E-12,  0.000000E+00,  0.000000E+00,  0.000000E+00
  1.402500E+04,  6.027685E-12,  0.000000E+00,  0.000000E+00,  0.000000E+00
  1.407500E+04,  6.029006E-12,  0.000000E+00,  0.000000E+00,  0.000000E+00
  1.412500E+04,  5.912740E-12,  0.000000E+00,  0.000000E+00,  0.000000E+00
  1.417500E+04,  5.938587E-12,  0.000000E+00,  0.000000E+00,  0.000000E+00
  1.422500E+04,  5.832871E-12,  0.000000E+00,  0.000000E+00,  0.000000E+00
  1.427500E+04,  5.687789E-12,  0.000000E+00,  0.000000E+00,  0.000000E+00
  1.432500E+04,  5.836346E-12,  0.000000E+00,  0.000000E+00,  0.000000E+00
  1.437500E+04,  5.849928E-12,  0.000000E+00,  0.000000E+00,  0.000000E+00
  1.442500E+04,  5.692935E-12,  0.000000E+00,  0.000000E+00,  0.000000E+00
  1.447500E+04,  5.809388E-12,  0.000000E+00,  0.000000E+00,  0.000000E+00
  1.452500E+04,  5.690977E-12,  0.000000E+00,  0.000000E+00,  0.000000E+00
  1.457000E+04,  5.680661E-12,  0.000000E+00,  0.000000E+00,  0.000000E+00
  1.462000E+04,  5.664126E-12,  0.000000E+00,  0.000000E+00,  0.000000E+00
  1.467500E+04,  5.633125E-12,  0.000000E+00,  0.000000E+00,  0.000000E+00
  1.472500E+04,  5.551808E-12,  0.000000E+00,  0.000000E+00,  0.000000E+00
  1.477500E+04,  5.567312E-12,  0.000000E+00,  0.000000E+00,  0.000000E+00
  1.482500E+04,  5.564065E-12,  0.000000E+00,  0.000000E+00,  0.000000E+00
  1.487500E+04,  5.374484E-12,  0.000000E+00,  0.000000E+00,  0.000000E+00
  1.492500E+04,  5.597210E-12,  0.000000E+00,  0.000000E+00,  0.000000E+00
  1.497500E+04,  5.531612E-12,  0.000000E+00,  0.000000E+00,  0.000000E+00
  1.502500E+04,  5.187005E-12,  0.000000E+00,  0.000000E+00,  0.000000E+00
  1.507500E+04,  5.321220E-12,  0.000000E+00,  0.000000E+00,  0.000000E+00
  1.512500E+04,  5.464575E-12,  0.000000E+00,  0.000000E+00,  0.000000E+00
  1.517500E+04,  5.470738E-12,  0.000000E+00,  0.000000E+00,  0.000000E+00
  1.522500E+04,  5.406283E-12,  0.000000E+00,  0.000000E+00,  0.000000E+00
  1.527500E+04,  5.418322E-12,  0.000000E+00,  0.000000E+00,  0.000000E+00
  1.532500E+04,  5.406561E-12,  0.000000E+00,  0.000000E+00,  0.000000E+00
  1.537500E+04,  5.390382E-12,  0.000000E+00,  0.000000E+00,  0.000000E+00
  1.542500E+04,  5.385655E-12,  0.000000E+00,  0.000000E+00,  0.000000E+00
  1.547500E+04,  5.391580E-12,  0.000000E+00,  0.000000E+00,  0.000000E+00
  1.552500E+04,  5.296391E-12,  0.000000E+00,  0.000000E+00,  0.000000E+00
  1.557500E+04,  5.282616E-12,  0.000000E+00,  0.000000E+00,  0.000000E+00
  1.562500E+04,  5.322412E-12,  0.000000E+00,  0.000000E+00,  0.000000E+00
  1.567500E+04,  5.210543E-12,  0.000000E+00,  0.000000E+00,  0.000000E+00
  1.572500E+04,  5.197831E-12,  0.000000E+00,  0.000000E+00,  0.000000E+00
  1.577500E+04,  4.928162E-12,  0.000000E+00,  0.000000E+00,  0.000000E+00
  1.582500E+04,  5.125558E-12,  0.000000E+00,  0.000000E+00,  0.000000E+00
  1.587500E+04,  4.969869E-12,  0.000000E+00,  0.000000E+00,  0.000000E+00
  1.592500E+04,  5.079712E-12,  0.000000E+00,  0.000000E+00,  0.000000E+00
  1.597500E+04,  5.080732E-12,  0.000000E+00,  0.000000E+00,  0.000000E+00
  1.605000E+04,  5.057069E-12,  0.000000E+00,  0.000000E+00,  0.000000E+00
  1.615000E+04,  4.966089E-12,  0.000000E+00,  0.000000E+00,  0.000000E+00
  1.625000E+04,  4.941119E-12,  0.000000E+00,  0.000000E+00,  0.000000E+00
  1.635000E+04,  4.874536E-12,  0.000000E+00,  0.000000E+00,  0.000000E+00
  1.645000E+04,  4.776539E-12,  0.000000E+00,  0.000000E+00,  0.000000E+00
  1.655000E+04,  4.756809E-12,  0.000000E+00,  0.000000E+00,  0.000000E+00
  1.665000E+04,  4.648867E-12,  0.000000E+00,  0.000000E+00,  0.000000E+00
  1.675000E+04,  4.501706E-12,  0.000000E+00,  0.000000E+00,  0.000000E+00
  1.685000E+04,  4.431763E-12,  0.000000E+00,  0.000000E+00,  0.000000E+00
  1.695000E+04,  4.426221E-12,  0.000000E+00,  0.000000E+00,  0.000000E+00
  1.705000E+04,  4.277813E-12,  0.000000E+00,  0.000000E+00,  0.000000E+00
  1.715000E+04,  4.167831E-12,  0.000000E+00,  0.000000E+00,  0.000000E+00
  1.725000E+04,  4.102362E-12,  0.000000E+00,  0.000000E+00,  0.000000E+00
  1.735000E+04,  3.990132E-12,  0.000000E+00,  0.000000E+00,  0.000000E+00
  1.745000E+04,  3.950987E-12,  0.000000E+00,  0.000000E+00,  0.000000E+00
  1.755000E+04,  3.898385E-12,  0.000000E+00,  0.000000E+00,  0.000000E+00
  1.765000E+04,  3.828074E-12,  0.000000E+00,  0.000000E+00,  0.000000E+00
  1.775000E+04,  3.740251E-12,  0.000000E+00,  0.000000E+00,  0.000000E+00
  1.785000E+04,  3.693407E-12,  0.000000E+00,  0.000000E+00,  0.000000E+00
  1.795000E+04,  3.627890E-12,  0.000000E+00,  0.000000E+00,  0.000000E+00
  1.805000E+04,  3.531379E-12,  0.000000E+00,  0.000000E+00,  0.000000E+00
  1.815000E+04,  3.458972E-12,  0.000000E+00,  0.000000E+00,  0.000000E+00
  1.825000E+04,  3.390422E-12,  0.000000E+00,  0.000000E+00,  0.000000E+00
  1.835000E+04,  3.330538E-12,  0.000000E+00,  0.000000E+00,  0.000000E+00
  1.845000E+04,  3.223871E-12,  0.000000E+00,  0.000000E+00,  0.000000E+00
  1.855000E+04,  3.210574E-12,  0.000000E+00,  0.000000E+00,  0.000000E+00
  1.865000E+04,  3.124908E-12,  0.000000E+00,  0.000000E+00,  0.000000E+00
  1.875000E+04,  3.022947E-12,  0.000000E+00,  0.000000E+00,  0.000000E+00
  1.885000E+04,  3.024233E-12,  0.000000E+00,  0.000000E+00,  0.000000E+00
  1.895000E+04,  2.897508E-12,  0.000000E+00,  0.000000E+00,  0.000000E+00
  1.905000E+04,  2.924967E-12,  0.000000E+00,  0.000000E+00,  0.000000E+00
  1.915000E+04,  2.860469E-12,  0.000000E+00,  0.000000E+00,  0.000000E+00
  1.925000E+04,  2.817625E-12,  0.000000E+00,  0.000000E+00,  0.000000E+00
  1.935000E+04,  2.728997E-12,  0.000000E+00,  0.000000E+00,  0.000000E+00
  1.945000E+04,  2.648967E-12,  0.000000E+00,  0.000000E+00,  0.000000E+00
  1.955000E+04,  2.657229E-12,  0.000000E+00,  0.000000E+00,  0.000000E+00
  1.965000E+04,  2.608470E-12,  0.000000E+00,  0.000000E+00,  0.000000E+00
  1.975000E+04,  2.517795E-12,  0.000000E+00,  0.000000E+00,  0.000000E+00
  1.985000E+04,  2.498202E-12,  0.000000E+00,  0.000000E+00,  0.000000E+00
  1.995000E+04,  2.461137E-12,  0.000000E+00,  0.000000E+00,  0.000000E+00
  2.005000E+04,  2.452264E-12,  0.000000E+00,  0.000000E+00,  0.000000E+00
  2.015000E+04,  2.418514E-12,  0.000000E+00,  0.000000E+00,  0.000000E+00
  2.025000E+04,  2.348429E-12,  0.000000E+00,  0.000000E+00,  0.000000E+00
  2.035000E+04,  2.302835E-12,  0.000000E+00,  0.000000E+00,  0.000000E+00
  2.045000E+04,  2.292195E-12,  0.000000E+00,  0.000000E+00,  0.000000E+00
  2.055000E+04,  2.240094E-12,  0.000000E+00,  0.000000E+00,  0.000000E+00
  2.065000E+04,  2.183403E-12,  0.000000E+00,  0.000000E+00,  0.000000E+00
  2.075000E+04,  2.163812E-12,  0.000000E+00,  0.000000E+00,  0.000000E+00
  2.085000E+04,  2.124608E-12,  0.000000E+00,  0.000000E+00,  0.000000E+00
  2.095000E+04,  2.068006E-12,  0.000000E+00,  0.000000E+00,  0.000000E+00
  2.105000E+04,  2.058102E-12,  0.000000E+00,  0.000000E+00,  0.000000E+00
  2.115000E+04,  2.017160E-12,  0.000000E+00,  0.000000E+00,  0.000000E+00
  2.125000E+04,  1.986861E-12,  0.000000E+00,  0.000000E+00,  0.000000E+00
  2.135000E+04,  1.959313E-12,  0.000000E+00,  0.000000E+00,  0.000000E+00
  2.145000E+04,  1.928399E-12,  0.000000E+00,  0.000000E+00,  0.000000E+00
  2.155000E+04,  1.897285E-12,  0.000000E+00,  0.000000E+00,  0.000000E+00
  2.165000E+04,  1.843419E-12,  0.000000E+00,  0.000000E+00,  0.000000E+00
  2.175000E+04,  1.817810E-12,  0.000000E+00,  0.000000E+00,  0.000000E+00
  2.185000E+04,  1.792867E-12,  0.000000E+00,  0.000000E+00,  0.000000E+00
  2.195000E+04,  1.774272E-12,  0.000000E+00,  0.000000E+00,  0.000000E+00
  2.205000E+04,  1.713698E-12,  0.000000E+00,  0.000000E+00,  0.000000E+00
  2.215000E+04,  1.722418E-12,  0.000000E+00,  0.000000E+00,  0.000000E+00
  2.225000E+04,  1.675795E-12,  0.000000E+00,  0.000000E+00,  0.000000E+00
  2.235000E+04,  1.653766E-12,  0.000000E+00,  0.000000E+00,  0.000000E+00
  2.245000E+04,  1.630209E-12,  0.000000E+00,  0.000000E+00,  0.000000E+00
  2.255000E+04,  1.607655E-12,  0.000000E+00,  0.000000E+00,  0.000000E+00
  2.265000E+04,  1.568797E-12,  0.000000E+00,  0.000000E+00,  0.000000E+00
  2.275000E+04,  1.560968E-12,  0.000000E+00,  0.000000E+00,  0.000000E+00
  2.285000E+04,  1.518459E-12,  0.000000E+00,  0.000000E+00,  0.000000E+00
  2.295000E+04,  1.413169E-12,  0.000000E+00,  0.000000E+00,  0.000000E+00
  2.305000E+04,  1.444100E-12,  0.000000E+00,  0.000000E+00,  0.000000E+00
  2.315000E+04,  1.428815E-12,  0.000000E+00,  0.000000E+00,  0.000000E+00
  2.325000E+04,  1.315343E-12,  0.000000E+00,  0.000000E+00,  0.000000E+00
  2.335000E+04,  1.344884E-12,  0.000000E+00,  0.000000E+00,  0.000000E+00
  2.345000E+04,  1.354416E-12,  0.000000E+00,  0.000000E+00,  0.000000E+00
  2.355000E+04,  1.240616E-12,  0.000000E+00,  0.000000E+00,  0.000000E+00
  2.365000E+04,  1.288662E-12,  0.000000E+00,  0.000000E+00,  0.000000E+00
  2.375000E+04,  1.274526E-12,  0.000000E+00,  0.000000E+00,  0.000000E+00
  2.385000E+04,  1.180103E-12,  0.000000E+00,  0.000000E+00,  0.000000E+00
  2.395000E+04,  1.219769E-12,  0.000000E+00,  0.000000E+00,  0.000000E+00
  2.405000E+04,  1.219644E-12,  0.000000E+00,  0.000000E+00,  0.000000E+00
  2.415000E+04,  1.139822E-12,  0.000000E+00,  0.000000E+00,  0.000000E+00
  2.425000E+04,  1.160165E-12,  0.000000E+00,  0.000000E+00,  0.000000E+00
  2.435000E+04,  1.160382E-12,  0.000000E+00,  0.000000E+00,  0.000000E+00
  2.445000E+04,  1.110524E-12,  0.000000E+00,  0.000000E+00,  0.000000E+00
  2.455000E+04,  1.089805E-12,  0.000000E+00,  0.000000E+00,  0.000000E+00
  2.465000E+04,  1.113359E-12,  0.000000E+00,  0.000000E+00,  0.000000E+00
  2.475000E+04,  1.076921E-12,  0.000000E+00,  0.000000E+00,  0.000000E+00
  2.485000E+04,  1.036618E-12,  0.000000E+00,  0.000000E+00,  0.000000E+00
  2.495000E+04,  1.059967E-12,  0.000000E+00,  0.000000E+00,  0.000000E+00
  2.505000E+04,  1.052111E-12,  0.000000E+00,  0.000000E+00,  0.000000E+00
  2.515000E+04,  1.009574E-12,  0.000000E+00,  0.000000E+00,  0.000000E+00
  2.525000E+04,  1.009783E-12,  0.000000E+00,  0.000000E+00,  0.000000E+00
  2.535000E+04,  1.005147E-12,  0.000000E+00,  0.000000E+00,  0.000000E+00
  2.545000E+04,  9.810489E-13,  0.000000E+00,  0.000000E+00,  0.000000E+00
  2.555000E+04,  9.721230E-13,  0.000000E+00,  0.000000E+00,  0.000000E+00
  2.565000E+04,  9.644988E-13,  0.000000E+00,  0.000000E+00,  0.000000E+00
  2.575000E+04,  9.609809E-13,  0.000000E+00,  0.000000E+00,  0.000000E+00
  2.585000E+04,  9.245161E-13,  0.000000E+00,  0.000000E+00,  0.000000E+00
  2.595000E+04,  9.284300E-13,  0.000000E+00,  0.000000E+00,  0.000000E+00
  2.605000E+04,  9.208853E-13,  0.000000E+00,  0.000000E+00,  0.000000E+00
  2.615000E+04,  9.092282E-13,  0.000000E+00,  0.000000E+00,  0.000000E+00
  2.625000E+04,  8.835670E-13,  0.000000E+00,  0.000000E+00,  0.000000E+00
  2.635000E+04,  8.805947E-13,  0.000000E+00,  0.000000E+00,  0.000000E+00
  2.645000E+04,  8.690260E-13,  0.000000E+00,  0.000000E+00,  0.000000E+00
  2.655000E+04,  8.498863E-13,  0.000000E+00,  0.000000E+00,  0.000000E+00
  2.665000E+04,  8.371296E-13,  0.000000E+00,  0.000000E+00,  0.000000E+00
  2.675000E+04,  8.438351E-13,  0.000000E+00,  0.000000E+00,  0.000000E+00
  2.685000E+04,  8.339715E-13,  0.000000E+00,  0.000000E+00,  0.000000E+00
  2.695000E+04,  8.191869E-13,  0.000000E+00,  0.000000E+00,  0.000000E+00
  2.705000E+04,  8.117115E-13,  0.000000E+00,  0.000000E+00,  0.000000E+00
  2.715000E+04,  8.013041E-13,  0.000000E+00,  0.000000E+00,  0.000000E+00
  2.725000E+04,  7.928836E-13,  0.000000E+00,  0.000000E+00,  0.000000E+00
  2.735000E+04,  7.813581E-13,  0.000000E+00,  0.000000E+00,  0.000000E+00
  2.745000E+04,  7.735708E-13,  0.000000E+00,  0.000000E+00,  0.000000E+00
  2.755000E+04,  7.639981E-13,  0.000000E+00,  0.000000E+00,  0.000000E+00
  2.765000E+04,  7.520834E-13,  0.000000E+00,  0.000000E+00,  0.000000E+00
  2.775000E+04,  7.424796E-13,  0.000000E+00,  0.000000E+00,  0.000000E+00
  2.785000E+04,  7.337507E-13,  0.000000E+00,  0.000000E+00,  0.000000E+00
  2.795000E+04,  7.223171E-13,  0.000000E+00,  0.000000E+00,  0.000000E+00
  2.805000E+04,  7.105855E-13,  0.000000E+00,  0.000000E+00,  0.000000E+00
  2.815000E+04,  7.044043E-13,  0.000000E+00,  0.000000E+00,  0.000000E+00
  2.825000E+04,  6.976447E-13,  0.000000E+00,  0.000000E+00,  0.000000E+00
  2.835000E+04,  6.910190E-13,  0.000000E+00,  0.000000E+00,  0.000000E+00
  2.845000E+04,  6.800571E-13,  0.000000E+00,  0.000000E+00,  0.000000E+00
  2.855000E+04,  6.715999E-13,  0.000000E+00,  0.000000E+00,  0.000000E+00
  2.865000E+04,  6.630910E-13,  0.000000E+00,  0.000000E+00,  0.000000E+00
  2.875000E+04,  6.554958E-13,  0.000000E+00,  0.000000E+00,  0.000000E+00
  2.885000E+04,  6.475717E-13,  0.000000E+00,  0.000000E+00,  0.000000E+00
  2.895000E+04,  6.397810E-13,  0.000000E+00,  0.000000E+00,  0.000000E+00
  2.905000E+04,  6.302283E-13,  0.000000E+00,  0.000000E+00,  0.000000E+00
  2.915000E+04,  6.245491E-13,  0.000000E+00,  0.000000E+00,  0.000000E+00
  2.925000E+04,  6.077066E-13,  0.000000E+00,  0.000000E+00,  0.000000E+00
  2.935000E+04,  6.050429E-13,  0.000000E+00,  0.000000E+00,  0.000000E+00
  2.945000E+04,  5.964923E-13,  0.000000E+00,  0.000000E+00,  0.000000E+00
  2.955000E+04,  5.920999E-13,  0.000000E+00,  0.000000E+00,  0.000000E+00
  2.965000E+04,  5.816670E-13,  0.000000E+00,  0.000000E+00,  0.000000E+00
  2.975000E+04,  5.778381E-13,  0.000000E+00,  0.000000E+00,  0.000000E+00
  2.985000E+04,  5.711250E-13,  0.000000E+00,  0.000000E+00,  0.000000E+00
  2.995000E+04,  5.626299E-13,  0.000000E+00,  0.000000E+00,  0.000000E+00
  3.005000E+04,  5.531777E-13,  0.000000E+00,  0.000000E+00,  0.000000E+00
  3.015000E+04,  5.507702E-13,  0.000000E+00,  0.000000E+00,  0.000000E+00
  3.025000E+04,  5.427248E-13,  0.000000E+00,  0.000000E+00,  0.000000E+00
  3.035000E+04,  5.357898E-13,  0.000000E+00,  0.000000E+00,  0.000000E+00
  3.045000E+04,  5.249348E-13,  0.000000E+00,  0.000000E+00,  0.000000E+00
  3.055000E+04,  5.241673E-13,  0.000000E+00,  0.000000E+00,  0.000000E+00
  3.065000E+04,  5.162337E-13,  0.000000E+00,  0.000000E+00,  0.000000E+00
  3.075000E+04,  5.113972E-13,  0.000000E+00,  0.000000E+00,  0.000000E+00
  3.085000E+04,  5.012867E-13,  0.000000E+00,  0.000000E+00,  0.000000E+00
  3.095000E+04,  4.962102E-13,  0.000000E+00,  0.000000E+00,  0.000000E+00
  3.105000E+04,  4.932605E-13,  0.000000E+00,  0.000000E+00,  0.000000E+00
  3.115000E+04,  4.808312E-13,  0.000000E+00,  0.000000E+00,  0.000000E+00
  3.125000E+04,  4.814726E-13,  0.000000E+00,  0.000000E+00,  0.000000E+00
  3.135000E+04,  4.705798E-13,  0.000000E+00,  0.000000E+00,  0.000000E+00
  3.145000E+04,  4.693154E-13,  0.000000E+00,  0.000000E+00,  0.000000E+00
  3.155000E+04,  4.619282E-13,  0.000000E+00,  0.000000E+00,  0.000000E+00
  3.165000E+04,  4.584529E-13,  0.000000E+00,  0.000000E+00,  0.000000E+00
  3.175000E+04,  4.514651E-13,  0.000000E+00,  0.000000E+00,  0.000000E+00
  3.185000E+04,  4.460379E-13,  0.000000E+00,  0.000000E+00,  0.000000E+00
  3.195000E+04,  4.417313E-13,  0.000000E+00,  0.000000E+00,  0.000000E+00
  3.210000E+04,  4.354065E-13,  0.000000E+00,  0.000000E+00,  0.000000E+00
  3.230000E+04,  4.218839E-13,  0.000000E+00,  0.000000E+00,  0.000000E+00
  3.250000E+04,  4.150406E-13,  0.000000E+00,  0.000000E+00,  0.000000E+00
  3.270000E+04,  4.050293E-13,  0.000000E+00,  0.000000E+00,  0.000000E+00
  3.290000E+04,  3.931600E-13,  0.000000E+00,  0.000000E+00,  0.000000E+00
  3.310000E+04,  3.863049E-13,  0.000000E+00,  0.000000E+00,  0.000000E+00
  3.330000E+04,  3.752546E-13,  0.000000E+00,  0.000000E+00,  0.000000E+00
  3.350000E+04,  3.692506E-13,  0.000000E+00,  0.000000E+00,  0.000000E+00
  3.370000E+04,  3.618433E-13,  0.000000E+00,  0.000000E+00,  0.000000E+00
  3.390000E+04,  3.499700E-13,  0.000000E+00,  0.000000E+00,  0.000000E+00
  3.410000E+04,  3.444013E-13,  0.000000E+00,  0.000000E+00,  0.000000E+00
  3.430000E+04,  3.391176E-13,  0.000000E+00,  0.000000E+00,  0.000000E+00
  3.450000E+04,  3.289805E-13,  0.000000E+00,  0.000000E+00,  0.000000E+00
  3.470000E+04,  3.239122E-13,  0.000000E+00,  0.000000E+00,  0.000000E+00
  3.490000E+04,  3.176174E-13,  0.000000E+00,  0.000000E+00,  0.000000E+00
  3.510000E+04,  3.092866E-13,  0.000000E+00,  0.000000E+00,  0.000000E+00
  3.530000E+04,  3.023365E-13,  0.000000E+00,  0.000000E+00,  0.000000E+00
  3.550000E+04,  2.975894E-13,  0.000000E+00,  0.000000E+00,  0.000000E+00
  3.570000E+04,  2.895187E-13,  0.000000E+00,  0.000000E+00,  0.000000E+00
  3.590000E+04,  2.835359E-13,  0.000000E+00,  0.000000E+00,  0.000000E+00
  3.610000E+04,  2.796640E-13,  0.000000E+00,  0.000000E+00,  0.000000E+00
  3.630000E+04,  2.725158E-13,  0.000000E+00,  0.000000E+00,  0.000000E+00
  3.650000E+04,  2.663860E-13,  0.000000E+00,  0.000000E+00,  0.000000E+00
  3.670000E+04,  2.607121E-13,  0.000000E+00,  0.000000E+00,  0.000000E+00
  3.690000E+04,  2.547164E-13,  0.000000E+00,  0.000000E+00,  0.000000E+00
  3.710000E+04,  2.489095E-13,  0.000000E+00,  0.000000E+00,  0.000000E+00
  3.730000E+04,  2.451291E-13,  0.000000E+00,  0.000000E+00,  0.000000E+00
  3.750000E+04,  2.397038E-13,  0.000000E+00,  0.000000E+00,  0.000000E+00
  3.770000E+04,  2.350643E-13,  0.000000E+00,  0.000000E+00,  0.000000E+00
  3.790000E+04,  2.314006E-13,  0.000000E+00,  0.000000E+00,  0.000000E+00
  3.810000E+04,  2.261799E-13,  0.000000E+00,  0.000000E+00,  0.000000E+00
  3.830000E+04,  2.224974E-13,  0.000000E+00,  0.000000E+00,  0.000000E+00
  3.850000E+04,  2.180202E-13,  0.000000E+00,  0.000000E+00,  0.000000E+00
  3.870000E+04,  2.134760E-13,  0.000000E+00,  0.000000E+00,  0.000000E+00
  3.890000E+04,  2.090241E-13,  0.000000E+00,  0.000000E+00,  0.000000E+00
  3.910000E+04,  2.057613E-13,  0.000000E+00,  0.000000E+00,  0.000000E+00
  3.930000E+04,  2.015975E-13,  0.000000E+00,  0.000000E+00,  0.000000E+00
  3.950000E+04,  1.974647E-13,  0.000000E+00,  0.000000E+00,  0.000000E+00
  3.970000E+04,  1.941652E-13,  0.000000E+00,  0.000000E+00,  0.000000E+00
  3.990000E+04,  1.884803E-13,  0.000000E+00,  0.000000E+00,  0.000000E+00
  4.010000E+04,  1.865012E-13,  0.000000E+00,  0.000000E+00,  0.000000E+00
  4.030000E+04,  1.833096E-13,  0.000000E+00,  0.000000E+00,  0.000000E+00
  4.050000E+04,  1.790168E-13,  0.000000E+00,  0.000000E+00,  0.000000E+00
  4.070000E+04,  1.756181E-13,  0.000000E+00,  0.000000E+00,  0.000000E+00
  4.090000E+04,  1.732995E-13,  0.000000E+00,  0.000000E+00,  0.000000E+00
  4.110000E+04,  1.697273E-13,  0.000000E+00,  0.000000E+00,  0.000000E+00
  4.130000E+04,  1.670280E-13,  0.000000E+00,  0.000000E+00,  0.000000E+00
  4.150000E+04,  1.636667E-13,  0.000000E+00,  0.000000E+00,  0.000000E+00
  4.170000E+04,  1.605195E-13,  0.000000E+00,  0.000000E+00,  0.000000E+00
  4.190000E+04,  1.576156E-13,  0.000000E+00,  0.000000E+00,  0.000000E+00
  4.210000E+04,  1.534003E-13,  0.000000E+00,  0.000000E+00,  0.000000E+00
  4.230000E+04,  1.525847E-13,  0.000000E+00,  0.000000E+00,  0.000000E+00
  4.250000E+04,  1.492307E-13,  0.000000E+00,  0.000000E+00,  0.000000E+00
  4.270000E+04,  1.469330E-13,  0.000000E+00,  0.000000E+00,  0.000000E+00
  4.290000E+04,  1.394994E-13,  0.000000E+00,  0.000000E+00,  0.000000E+00
  4.310000E+04,  1.330565E-13,  0.000000E+00,  0.000000E+00,  0.000000E+00
  4.330000E+04,  1.333143E-13,  0.000000E+00,  0.000000E+00,  0.000000E+00
  4.350000E+04,  1.264145E-13,  0.000000E+00,  0.000000E+00,  0.000000E+00
  4.370000E+04,  1.229528E-13,  0.000000E+00,  0.000000E+00,  0.000000E+00
  4.390000E+04,  1.213389E-13,  0.000000E+00,  0.000000E+00,  0.000000E+00
  4.410000E+04,  1.147769E-13,  0.000000E+00,  0.000000E+00,  0.000000E+00
  4.430000E+04,  1.138698E-13,  0.000000E+00,  0.000000E+00,  0.000000E+00
  4.450000E+04,  1.119942E-13,  0.000000E+00,  0.000000E+00,  0.000000E+00
  4.470000E+04,  1.068329E-13,  0.000000E+00,  0.000000E+00,  0.000000E+00
  4.490000E+04,  1.071820E-13,  0.000000E+00,  0.000000E+00,  0.000000E+00
  4.510000E+04,  1.043925E-13,  0.000000E+00,  0.000000E+00,  0.000000E+00
  4.530000E+04,  1.006587E-13,  0.000000E+00,  0.000000E+00,  0.000000E+00
  4.550000E+04,  1.007628E-13,  0.000000E+00,  0.000000E+00,  0.000000E+00
  4.570000E+04,  9.994047E-14,  0.000000E+00,  0.000000E+00,  0.000000E+00
  4.590000E+04,  9.557351E-14,  0.000000E+00,  0.000000E+00,  0.000000E+00
  4.610000E+04,  9.611795E-14,  0.000000E+00,  0.000000E+00,  0.000000E+00
  4.630000E+04,  9.430886E-14,  0.000000E+00,  0.000000E+00,  0.000000E+00
  4.650000E+04,  9.342073E-14,  0.000000E+00,  0.000000E+00,  0.000000E+00
  4.670000E+04,  9.260783E-14,  0.000000E+00,  0.000000E+00,  0.000000E+00
  4.690000E+04,  9.122938E-14,  0.000000E+00,  0.000000E+00,  0.000000E+00
  4.710000E+04,  8.942170E-14,  0.000000E+00,  0.000000E+00,  0.000000E+00
  4.730000E+04,  8.954364E-14,  0.000000E+00,  0.000000E+00,  0.000000E+00
  4.750000E+04,  8.754219E-14,  0.000000E+00,  0.000000E+00,  0.000000E+00
  4.770000E+04,  8.631350E-14,  0.000000E+00,  0.000000E+00,  0.000000E+00
  4.790000E+04,  8.528822E-14,  0.000000E+00,  0.000000E+00,  0.000000E+00
  4.810000E+04,  8.316866E-14,  0.000000E+00,  0.000000E+00,  0.000000E+00
  4.830000E+04,  8.358713E-14,  0.000000E+00,  0.000000E+00,  0.000000E+00
  4.850000E+04,  8.198719E-14,  0.000000E+00,  0.000000E+00,  0.000000E+00
  4.870000E+04,  8.016450E-14,  0.000000E+00,  0.000000E+00,  0.000000E+00
  4.890000E+04,  7.923655E-14,  0.000000E+00,  0.000000E+00,  0.000000E+00
  4.910000E+04,  7.822107E-14,  0.000000E+00,  0.000000E+00,  0.000000E+00
  4.930000E+04,  7.687986E-14,  0.000000E+00,  0.000000E+00,  0.000000E+00
  4.950000E+04,  7.563508E-14,  0.000000E+00,  0.000000E+00,  0.000000E+00
  4.970000E+04,  7.487111E-14,  0.000000E+00,  0.000000E+00,  0.000000E+00
  4.990000E+04,  7.388121E-14,  0.000000E+00,  0.000000E+00,  0.000000E+00
  5.010000E+04,  7.196838E-14,  0.000000E+00,  0.000000E+00,  0.000000E+00
  5.030000E+04,  7.198692E-14,  0.000000E+00,  0.000000E+00,  0.000000E+00
  5.050000E+04,  7.031624E-14,  0.000000E+00,  0.000000E+00,  0.000000E+00
  5.070000E+04,  6.961200E-14,  0.000000E+00,  0.000000E+00,  0.000000E+00
  5.090000E+04,  6.882334E-14,  0.000000E+00,  0.000000E+00,  0.000000E+00
  5.110000E+04,  6.734938E-14,  0.000000E+00,  0.000000E+00,  0.000000E+00
  5.130000E+04,  6.702284E-14,  0.000000E+00,  0.000000E+00,  0.000000E+00
  5.150000E+04,  6.580137E-14,  0.000000E+00,  0.000000E+00,  0.000000E+00
  5.170000E+04,  6.553914E-14,  0.000000E+00,  0.000000E+00,  0.000000E+00
  5.190000E+04,  6.413724E-14,  0.000000E+00,  0.000000E+00,  0.000000E+00
  5.210000E+04,  6.339090E-14,  0.000000E+00,  0.000000E+00,  0.000000E+00
  5.230000E+04,  6.235105E-14,  0.000000E+00,  0.000000E+00,  0.000000E+00
  5.250000E+04,  6.190287E-14,  0.000000E+00,  0.000000E+00,  0.000000E+00
  5.270000E+04,  6.148329E-14,  0.000000E+00,  0.000000E+00,  0.000000E+00
  5.290000E+04,  5.987446E-14,  0.000000E+00,  0.000000E+00,  0.000000E+00
  5.310000E+04,  5.926751E-14,  0.000000E+00,  0.000000E+00,  0.000000E+00
  5.330000E+04,  5.861840E-14,  0.000000E+00,  0.000000E+00,  0.000000E+00
  5.350000E+04,  5.791745E-14,  0.000000E+00,  0.000000E+00,  0.000000E+00
  5.370000E+04,  5.723999E-14,  0.000000E+00,  0.000000E+00,  0.000000E+00
  5.390000E+04,  5.659583E-14,  0.000000E+00,  0.000000E+00,  0.000000E+00
  5.410000E+04,  5.584734E-14,  0.000000E+00,  0.000000E+00,  0.000000E+00
  5.430000E+04,  5.469896E-14,  0.000000E+00,  0.000000E+00,  0.000000E+00
  5.450000E+04,  5.447447E-14,  0.000000E+00,  0.000000E+00,  0.000000E+00
  5.470000E+04,  5.366959E-14,  0.000000E+00,  0.000000E+00,  0.000000E+00
  5.490000E+04,  5.290958E-14,  0.000000E+00,  0.000000E+00,  0.000000E+00
  5.510000E+04,  5.231451E-14,  0.000000E+00,  0.000000E+00,  0.000000E+00
  5.530000E+04,  5.221630E-14,  0.000000E+00,  0.000000E+00,  0.000000E+00
  5.550000E+04,  5.081866E-14,  0.000000E+00,  0.000000E+00,  0.000000E+00
  5.570000E+04,  5.078145E-14,  0.000000E+00,  0.000000E+00,  0.000000E+00
  5.590000E+04,  4.980974E-14,  0.000000E+00,  0.000000E+00,  0.000000E+00
  5.610000E+04,  4.929670E-14,  0.000000E+00,  0.000000E+00,  0.000000E+00
  5.630000E+04,  4.848621E-14,  0.000000E+00,  0.000000E+00,  0.000000E+00
  5.650000E+04,  4.821181E-14,  0.000000E+00,  0.000000E+00,  0.000000E+00
  5.670000E+04,  4.760889E-14,  0.000000E+00,  0.000000E+00,  0.000000E+00
  5.690000E+04,  4.668911E-14,  0.000000E+00,  0.000000E+00,  0.000000E+00
  5.710000E+04,  4.649191E-14,  0.000000E+00,  0.000000E+00,  0.000000E+00
  5.730000E+04,  4.585941E-14,  0.000000E+00,  0.000000E+00,  0.000000E+00
  5.750000E+04,  4.531137E-14,  0.000000E+00,  0.000000E+00,  0.000000E+00
  5.770000E+04,  4.465763E-14,  0.000000E+00,  0.000000E+00,  0.000000E+00
  5.790000E+04,  4.432014E-14,  0.000000E+00,  0.000000E+00,  0.000000E+00
  5.810000E+04,  4.356998E-14,  0.000000E+00,  0.000000E+00,  0.000000E+00
  5.830000E+04,  4.308950E-14,  0.000000E+00,  0.000000E+00,  0.000000E+00
  5.850000E+04,  4.264533E-14,  0.000000E+00,  0.000000E+00,  0.000000E+00
  5.870000E+04,  4.197269E-14,  0.000000E+00,  0.000000E+00,  0.000000E+00
  5.890000E+04,  4.147494E-14,  0.000000E+00,  0.000000E+00,  0.000000E+00
  5.910000E+04,  4.107214E-14,  0.000000E+00,  0.000000E+00,  0.000000E+00
  5.930000E+04,  4.056732E-14,  0.000000E+00,  0.000000E+00,  0.000000E+00
  5.950000E+04,  3.999146E-14,  0.000000E+00,  0.000000E+00,  0.000000E+00
  5.970000E+04,  3.965316E-14,  0.000000E+00,  0.000000E+00,  0.000000E+00
  5.990000E+04,  3.916143E-14,  0.000000E+00,  0.000000E+00,  0.000000E+00
  6.010000E+04,  3.867350E-14,  0.000000E+00,  0.000000E+00,  0.000000E+00
  6.030000E+04,  3.820004E-14,  0.000000E+00,  0.000000E+00,  0.000000E+00
  6.050000E+04,  3.764854E-14,  0.000000E+00,  0.000000E+00,  0.000000E+00
  6.070000E+04,  3.720854E-14,  0.000000E+00,  0.000000E+00,  0.000000E+00
  6.090000E+04,  3.672537E-14,  0.000000E+00,  0.000000E+00,  0.000000E+00
  6.110000E+04,  3.622272E-14,  0.000000E+00,  0.000000E+00,  0.000000E+00
  6.130000E+04,  3.589549E-14,  0.000000E+00,  0.000000E+00,  0.000000E+00
  6.150000E+04,  3.549928E-14,  0.000000E+00,  0.000000E+00,  0.000000E+00
  6.170000E+04,  3.509398E-14,  0.000000E+00,  0.000000E+00,  0.000000E+00
  6.190000E+04,  3.469590E-14,  0.000000E+00,  0.000000E+00,  0.000000E+00
  6.210000E+04,  3.429620E-14,  0.000000E+00,  0.000000E+00,  0.000000E+00
  6.230000E+04,  3.379271E-14,  0.000000E+00,  0.000000E+00,  0.000000E+00
  6.250000E+04,  3.335354E-14,  0.000000E+00,  0.000000E+00,  0.000000E+00
  6.270000E+04,  3.295684E-14,  0.000000E+00,  0.000000E+00,  0.000000E+00
  6.290000E+04,  3.265043E-14,  0.000000E+00,  0.000000E+00,  0.000000E+00
  6.310000E+04,  3.220774E-14,  0.000000E+00,  0.000000E+00,  0.000000E+00
  6.330000E+04,  3.193321E-14,  0.000000E+00,  0.000000E+00,  0.000000E+00
  6.350000E+04,  3.149677E-14,  0.000000E+00,  0.000000E+00,  0.000000E+00
  6.370000E+04,  3.118205E-14,  0.000000E+00,  0.000000E+00,  0.000000E+00
  6.390000E+04,  3.074514E-14,  0.000000E+00,  0.000000E+00,  0.000000E+00
  6.420000E+04,  3.025632E-14,  0.000000E+00,  0.000000E+00,  0.000000E+00
  6.460000E+04,  2.952243E-14,  0.000000E+00,  0.000000E+00,  0.000000E+00
  6.500000E+04,  2.883192E-14,  0.000000E+00,  0.000000E+00,  0.000000E+00
  6.540000E+04,  2.819661E-14,  0.000000E+00,  0.000000E+00,  0.000000E+00
  6.580000E+04,  2.756444E-14,  0.000000E+00,  0.000000E+00,  0.000000E+00
  6.620000E+04,  2.691219E-14,  0.000000E+00,  0.000000E+00,  0.000000E+00
  6.660000E+04,  2.631261E-14,  0.000000E+00,  0.000000E+00,  0.000000E+00
  6.700000E+04,  2.570852E-14,  0.000000E+00,  0.000000E+00,  0.000000E+00
  6.740000E+04,  2.510646E-14,  0.000000E+00,  0.000000E+00,  0.000000E+00
  6.780000E+04,  2.455695E-14,  0.000000E+00,  0.000000E+00,  0.000000E+00
  6.820000E+04,  2.399993E-14,  0.000000E+00,  0.000000E+00,  0.000000E+00
  6.860000E+04,  2.347106E-14,  0.000000E+00,  0.000000E+00,  0.000000E+00
  6.900000E+04,  2.294416E-14,  0.000000E+00,  0.000000E+00,  0.000000E+00
  6.940000E+04,  2.242753E-14,  0.000000E+00,  0.000000E+00,  0.000000E+00
  6.980000E+04,  2.194819E-14,  0.000000E+00,  0.000000E+00,  0.000000E+00
  7.020000E+04,  2.143790E-14,  0.000000E+00,  0.000000E+00,  0.000000E+00
  7.060000E+04,  2.099478E-14,  0.000000E+00,  0.000000E+00,  0.000000E+00
  7.100000E+04,  2.053931E-14,  0.000000E+00,  0.000000E+00,  0.000000E+00
  7.140000E+04,  2.009414E-14,  0.000000E+00,  0.000000E+00,  0.000000E+00
  7.180000E+04,  1.965919E-14,  0.000000E+00,  0.000000E+00,  0.000000E+00
  7.220000E+04,  1.924140E-14,  0.000000E+00,  0.000000E+00,  0.000000E+00
  7.260000E+04,  1.882769E-14,  0.000000E+00,  0.000000E+00,  0.000000E+00
  7.300000E+04,  1.843426E-14,  0.000000E+00,  0.000000E+00,  0.000000E+00
  7.340000E+04,  1.803329E-14,  0.000000E+00,  0.000000E+00,  0.000000E+00
  7.380000E+04,  1.766434E-14,  0.000000E+00,  0.000000E+00,  0.000000E+00
  7.420000E+04,  1.728132E-14,  0.000000E+00,  0.000000E+00,  0.000000E+00
  7.460000E+04,  1.691790E-14,  0.000000E+00,  0.000000E+00,  0.000000E+00
  7.500000E+04,  1.658368E-14,  0.000000E+00,  0.000000E+00,  0.000000E+00
  7.540000E+04,  1.623377E-14,  0.000000E+00,  0.000000E+00,  0.000000E+00
  7.580000E+04,  1.588504E-14,  0.000000E+00,  0.000000E+00,  0.000000E+00
  7.620000E+04,  1.554564E-14,  0.000000E+00,  0.000000E+00,  0.000000E+00
  7.660000E+04,  1.520866E-14,  0.000000E+00,  0.000000E+00,  0.000000E+00
  7.700000E+04,  1.487801E-14,  0.000000E+00,  0.000000E+00,  0.000000E+00
  7.740000E+04,  1.456463E-14,  0.000000E+00,  0.000000E+00,  0.000000E+00
  7.780000E+04,  1.425919E-14,  0.000000E+00,  0.000000E+00,  0.000000E+00
  7.820000E+04,  1.396863E-14,  0.000000E+00,  0.000000E+00,  0.000000E+00
  7.860000E+04,  1.367562E-14,  0.000000E+00,  0.000000E+00,  0.000000E+00
  7.900000E+04,  1.341022E-14,  0.000000E+00,  0.000000E+00,  0.000000E+00
  7.940000E+04,  1.313510E-14,  0.000000E+00,  0.000000E+00,  0.000000E+00
  7.980000E+04,  1.288397E-14,  0.000000E+00,  0.000000E+00,  0.000000E+00
  8.020000E+04,  1.263080E-14,  0.000000E+00,  0.000000E+00,  0.000000E+00
  8.060000E+04,  1.239280E-14,  0.000000E+00,  0.000000E+00,  0.000000E+00
  8.100000E+04,  1.216630E-14,  0.000000E+00,  0.000000E+00,  0.000000E+00
  8.140000E+04,  1.193911E-14,  0.000000E+00,  0.000000E+00,  0.000000E+00
  8.180000E+04,  1.172338E-14,  0.000000E+00,  0.000000E+00,  0.000000E+00
  8.220000E+04,  1.151142E-14,  0.000000E+00,  0.000000E+00,  0.000000E+00
  8.260000E+04,  1.129707E-14,  0.000000E+00,  0.000000E+00,  0.000000E+00
  8.300000E+04,  1.108419E-14,  0.000000E+00,  0.000000E+00,  0.000000E+00
  8.340000E+04,  1.087589E-14,  0.000000E+00,  0.000000E+00,  0.000000E+00
  8.380000E+04,  1.067417E-14,  0.000000E+00,  0.000000E+00,  0.000000E+00
  8.420000E+04,  1.047652E-14,  0.000000E+00,  0.000000E+00,  0.000000E+00
  8.460000E+04,  1.028620E-14,  0.000000E+00,  0.000000E+00,  0.000000E+00
  8.500000E+04,  1.009603E-14,  0.000000E+00,  0.000000E+00,  0.000000E+00
  8.540000E+04,  9.914478E-15,  0.000000E+00,  0.000000E+00,  0.000000E+00
  8.580000E+04,  9.733074E-15,  0.000000E+00,  0.000000E+00,  0.000000E+00
  8.620000E+04,  9.557576E-15,  0.000000E+00,  0.000000E+00,  0.000000E+00
  8.660000E+04,  9.380593E-15,  0.000000E+00,  0.000000E+00,  0.000000E+00
  8.700000E+04,  9.214549E-15,  0.000000E+00,  0.000000E+00,  0.000000E+00
  8.740000E+04,  9.057417E-15,  0.000000E+00,  0.000000E+00,  0.000000E+00
  8.780000E+04,  8.887950E-15,  0.000000E+00,  0.000000E+00,  0.000000E+00
  8.820000E+04,  8.727559E-15,  0.000000E+00,  0.000000E+00,  0.000000E+00
  8.860000E+04,  8.575868E-15,  0.000000E+00,  0.000000E+00,  0.000000E+00
  8.900000E+04,  8.428206E-15,  0.000000E+00,  0.000000E+00,  0.000000E+00
  8.940000E+04,  8.281078E-15,  0.000000E+00,  0.000000E+00,  0.000000E+00
  8.980000E+04,  8.133586E-15,  0.000000E+00,  0.000000E+00,  0.000000E+00
  9.020000E+04,  8.002737E-15,  0.000000E+00,  0.000000E+00,  0.000000E+00
  9.060000E+04,  7.867961E-15,  0.000000E+00,  0.000000E+00,  0.000000E+00
  9.100000E+04,  7.725566E-15,  0.000000E+00,  0.000000E+00,  0.000000E+00
  9.140000E+04,  7.590226E-15,  0.000000E+00,  0.000000E+00,  0.000000E+00
  9.180000E+04,  7.470515E-15,  0.000000E+00,  0.000000E+00,  0.000000E+00
  9.220000E+04,  7.344301E-15,  0.000000E+00,  0.000000E+00,  0.000000E+00
  9.260000E+04,  7.221940E-15,  0.000000E+00,  0.000000E+00,  0.000000E+00
  9.300000E+04,  7.105915E-15,  0.000000E+00,  0.000000E+00,  0.000000E+00
  9.340000E+04,  6.981882E-15,  0.000000E+00,  0.000000E+00,  0.000000E+00
  9.380000E+04,  6.863239E-15,  0.000000E+00,  0.000000E+00,  0.000000E+00
  9.420000E+04,  6.761503E-15,  0.000000E+00,  0.000000E+00,  0.000000E+00
  9.460000E+04,  6.639670E-15,  0.000000E+00,  0.000000E+00,  0.000000E+00
  9.500000E+04,  6.542321E-15,  0.000000E+00,  0.000000E+00,  0.000000E+00
  9.540000E+04,  6.438229E-15,  0.000000E+00,  0.000000E+00,  0.000000E+00
  9.580000E+04,  6.320282E-15,  0.000000E+00,  0.000000E+00,  0.000000E+00
  9.620000E+04,  6.231802E-15,  0.000000E+00,  0.000000E+00,  0.000000E+00
  9.660000E+04,  6.116419E-15,  0.000000E+00,  0.000000E+00,  0.000000E+00
  9.700000E+04,  6.032332E-15,  0.000000E+00,  0.000000E+00,  0.000000E+00
  9.740000E+04,  5.928273E-15,  0.000000E+00,  0.000000E+00,  0.000000E+00
  9.780000E+04,  5.826377E-15,  0.000000E+00,  0.000000E+00,  0.000000E+00
  9.820000E+04,  5.750246E-15,  0.000000E+00,  0.000000E+00,  0.000000E+00
  9.860000E+04,  5.658037E-15,  0.000000E+00,  0.000000E+00,  0.000000E+00
  9.900000E+04,  5.563635E-15,  0.000000E+00,  0.000000E+00,  0.000000E+00
  9.940000E+04,  5.471278E-15,  0.000000E+00,  0.000000E+00,  0.000000E+00
  9.980000E+04,  5.400317E-15,  0.000000E+00,  0.000000E+00,  0.000000E+00
  1.002000E+05,  5.316152E-15,  0.000000E+00,  0.000000E+00,  0.000000E+00
  2.000000E+05,  3.457985E-16,  0.000000E+00,  0.000000E+00,  0.000000E+00
  4.000000E+05,  2.182511E-17,  0.000000E+00,  0.000000E+00,  0.000000E+00
  6.000000E+05,  4.302353E-18,  0.000000E+00,  0.000000E+00,  0.000000E+00
  8.000000E+05,  1.355465E-18,  0.000000E+00,  0.000000E+00,  0.000000E+00
  1.000000E+06,  5.525455E-19,  0.000000E+00,  0.000000E+00,  0.000000E+00
  1.200000E+06,  2.652092E-19,  0.000000E+00,  0.000000E+00,  0.000000E+00
  1.400000E+06,  1.425109E-19,  0.000000E+00,  0.000000E+00,  0.000000E+00
  1.600000E+06,  8.318411E-20,  0.000000E+00,  0.000000E+00,  0.000000E+00
