wavelengths,fluxes,convolved_flux,filter_wavelengths,filter_trans
  1.472000E+02,  0.000000E+00,  0.000000E+00,  4.600000E+03,  0.000000E+00
  1.510000E+02,  0.000000E+00,  0.000000E+00,  4.800000E+03,  2.000000E-02
  1.552000E+02,  0.000000E+00,  0.000000E+00,  5.000000E+03,  3.800000E-01
  1.588000E+02,  0.000000E+00,  0.000000E+00,  5.200000E+03,  9.100000E-01
  1.620000E+02,  0.000000E+00,  0.000000E+00,  5.400000E+03,  9.800000E-01
  1.660000E+02,  0.000000E+00,  0.000000E+00,  5.600000E+03,  7.200000E-01
  1.703000E+02,  0.000000E+00,  0.000000E+00,  5.800000E+03,  6.200000E-01
  1.734000E+02,  0.000000E+00,  0.000000E+00,  6.000000E+03,  4.000000E-01
  1.768000E+02,  0.000000E+00,  0.000000E+00,  6.200000E+03,  2.000000E-01
  1.802000E+02,  0.000000E+00,  0.000000E+00,  6.400000E+03,  8.000000E-02
  1.817000E+02,  0.000000E+00,  0.000000E+00,  6.600000E+03,  2.000000E-02
  1.861000E+02,  0.000000E+00,  0.000000E+00,  6.800000E+03,  1.000000E-02
  1.910000E+02,  0.000000E+00,  0.000000E+00,  7.000000E+03,  1.000000E-02
  1.939000E+02,  0.000000E+00,  0.000000E+00,  7.200000E+03,  1.000000E-02
  1.984000E+02,  0.000000E+00,  0.000000E+00,  7.400000E+03,  0.000000E+00
  2.018000E+02,  0.000000E+00,  0.000000E+00,  0.000000E+00,  0.000000E+00
  2.050000E+02,  0.000000E+00,  0.000000E+00,  0.000000E+00,  0.000000E+00
  2.105000E+02,  0.000000E+00,  0.000000E+00,  0.000000E+00,  0.000000E+00
  2.162000E+02,  0.000000E+00,  0.000000E+00,  0.000000E+00,  0.000000E+00
  2.198000E+02,  0.000000E+00,  0.000000E+00,  0.000000E+00,  0.000000E+00
  2.230000E+02,  0.000000E+00,  0.000000E+00,  0.000000E+00,  0.000000E+00
  2.268000E+02,  0.000000E+00,  0.000000E+00,  0.000000E+00,  0.000000E+00
  2.300000E+02,  0.000000E+00,  0.000000E+00,  0.000000E+00,  0.000000E+00
  2.340000E+02,  0.000000E+00,  0.000000E+00,  0.000000E+00,  0.000000E+00
  2.400000E+02,  0.000000E+00,  0.000000E+00,  0.000000E+00,  0.000000E+00
  2.465000E+02,  0.000000E+00,  0.000000E+00,  0.000000E+00,  0.000000E+00
  2.524000E+02,  0.000000E+00,  0.000000E+00,  0.000000E+00,  0.000000E+00
  2.568000E+02,  0.000000E+00,  0.000000E+00,  0.000000E+00,  0.000000E+00
  2.600000E+02,  0.000000E+00,  0.000000E+00,  0.000000E+00,  0.000000E+00
  2.640000E+02,  0.000000E+00,  0.000000E+00,  0.000000E+00,  0.000000E+00
  2.685000E+02,  0.000000E+00,  0.000000E+00,  0.000000E+00,  0.000000E+00
  2.735000E+02,  0.000000E+00,  0.000000E+00,  0.000000E+00,  0.000000E+00
  2.785000E+02,  0.000000E+00,  0.000000E+00,  0.000000E+00,  0.000000E+00
  2.840000E+02,  0.000000E+00,  0.000000E+00,  0.000000E+00,  0.000000E+00
  2.900000E+02,  0.000000E+00,  0.000000E+00,  0.000000E+00,  0.000000E+00
  2.960000E+02,  0.000000E+00,  0.000000E+00,  0.000000E+00,  0.000000E+00
  3.010000E+02,  0.000000E+00,  0.000000E+00,  0.000000E+00,  0.000000E+00
  3.080000E+02,  0.000000E+00,  0.000000E+00,  0.000000E+00,  0.000000E+00
  3.180000E+02,  0.000000E+00,  0.000000E+00,  0.000000E+00,  0.000000E+00
  3.280000E+02,  0.000000E+00,  0.000000E+00,  0.000000E+00,  0.000000E+00
  3.380000E+02,  0.000000E+00,  0.000000E+00,  0.000000E+00,  0.000000E+00
  3.480000E+02,  0.000000E+00,  0.000000E+00,  0.000000E+00,  0.000000E+00
  3.570000E+02,  0.000000E+00,  0.000000E+00,  0.000000E+00,  0.000000E+00
  3.660000E+02,  0.000000E+00,  0.000000E+00,  0.000000E+00,  0.000000E+00
  3.750000E+02,  0.000000E+00,  0.000000E+00,  0.000000E+00,  0.000000E+00
  3.850000E+02,  0.000000E+00,  0.000000E+00,  0.000000E+00,  0.000000E+00
  3.950000E+02,  0.000000E+00,  0.000000E+00,  0.000000E+00,  0.000000E+00
  4.050000E+02,  0.000000E+00,  0.000000E+00,  0.000000E+00,  0.000000E+00
  4.140000E+02,  0.000000E+00,  0.000000E+00,  0.000000E+00,  0.000000E+00
  4.220000E+02,  0.000000E+00,  0.000000E+00,  0.000000E+00,  0.000000E+00
  4.300000E+02,  0.000000E+00,  0.000000E+00,  0.000000E+00,  0.000000E+00
  4.410000E+02,  0.000000E+00,  0.000000E+00,  0.000000E+00,  0.000000E+00
  4.510000E+02,  0.000000E+00,  0.000000E+00,  0.000000E+00,  0.000000E+00
  4.600000E+02,  0.000000E+00,  0.000000E+00,  0.000000E+00,  0.000000E+00
  4.700000E+02,  0.000000E+00,  0.000000E+00,  0.000000E+00,  0.000000E+00
  4.800000E+02,  0.000000E+00,  0.000000E+00,  0.000000E+00,  0.000000E+00
  4.900000E+02,  0.000000E+00,  0.000000E+00,  0.000000E+00,  0.000000E+00
  5.000000E+02,  0.000000E+00,  0.000000E+00,  0.000000E+00,  0.000000E+00
  5.060000E+02,  0.000000E+00,  0.000000E+00,  0.000000E+00,  0.000000E+00
  5.120000E+02,  0.000000E+00,  0.000000E+00,  0.000000E+00,  0.000000E+00
  5.200000E+02,  0.000000E+00,  0.000000E+00,  0.000000E+00,  0.000000E+00
  5.300000E+02,  0.000000E+00,  0.000000E+00,  0.000000E+00,  0.000000E+00
  5.400000E+02,  0.000000E+00,  0.000000E+00,  0.000000E+00,  0.000000E+00
  5.500000E+02,  0.000000E+00,  0.000000E+00,  0.000000E+00,  0.000000E+00
  5.600000E+02,  0.000000E+00,  0.000000E+00,  0.000000E+00,  0.000000E+00
  5.700000E+02,  0.000000E+00,  0.000000E+00,  0.000000E+00,  0.000000E+00
  5.800000E+02,  0.000000E+00,  0.000000E+00,  0.000000E+00,  0.000000E+00
  5.900000E+02,  0.000000E+00,  0.000000E+00,  0.000000E+00,  0.000000E+00
  6.000000E+02,  0.000000E+00,  0.000000E+00,  0.000000E+00,  0.000000E+00
  6.100000E+02,  0.000000E+00,  0.000000E+00,  0.000000E+00,  0.000000E+00
  6.200000E+02,  0.000000E+00,  0.000000E+00,  0.000000E+00,  0.000000E+00
  6.300000E+02,  0.000000E+00,  0.000000E+00,  0.000000E+00,  0.000000E+00
  6.400000E+02,  0.000000E+00,  0.000000E+00,  0.000000E+00,  0.000000E+00
  6.500000E+02,  0.000000E+00,  0.000000E+00,  0.000000E+00,  0.000000E+00
  6.580000E+02,  0.000000E+00,  0.000000E+00,  0.000000E+00,  0.000000E+00
  6.650000E+02,  0.000000E+00,  0.000000E+00,  0.000000E+00,  0.000000E+00
  6.750000E+02,  0.000000E+00,  0.000000E+00,  0.000000E+00,  0.000000E+00
  6.850000E+02,  0.000000E+00,  0.000000E+00,  0.000000E+00,  0.000000E+00
  6.950000E+02,  0.000000E+00,  0.000000E+00,  0.000000E+00,  0.000000E+00
  7.050000E+02,  0.000000E+00,  0.000000E+00,  0.000000E+00,  0.000000E+00
  7.160000E+02,  0.000000E+00,  0.000000E+00,  0.000000E+00,  0.000000E+00
  7.260000E+02,  0.000000E+00,  0.000000E+00,  0.000000E+00,  0.000000E+00
  7.350000E+02,  0.000000E+00,  0.000000E+00,  0.000000E+00,  0.000000E+00
  7.450000E+02,  0.000000E+00,  0.000000E+00,  0.000000E+00,  0.000000E+00
  7.550000E+02,  0.000000E+00,  0.000000E+00,  0.000000E+00,  0.000000E+00
  7.650000E+02,  0.000000E+00,  0.000000E+00,  0.000000E+00,  0.000000E+00
  7.750000E+02,  0.000000E+00,  0.000000E+00,  0.000000E+00,  0.000000E+00
  7.850000E+02,  0.000000E+00,  0.000000E+00,  0.000000E+00,  0.000000E+00
  7.950000E+02,  0.000000E+00,  0.000000E+00,  0.000000E+00,  0.000000E+00
  8.050000E+02,  0.000000E+00,  0.000000E+00,  0.000000E+00,  0.000000E+00
  8.150000E+02,  0.000000E+00,  0.000000E+00,  0.000000E+00,  0.000000E+00
  8.250000E+02,  0.000000E+00,  0.000000E+00,  0.000000E+00,  0.000000E+00
  8.350000E+02,  0.000000E+00,  0.000000E+00,  0.000000E+00,  0.000000E+00
  8.450000E+02,  0.000000E+00,  0.000000E+00,  0.000000E+00,  0.000000E+00
  8.550000E+02,  0.000000E+00,  0.000000E+00,  0.000000E+00,  0.000000E+00
  8.650000E+02,  0.000000E+00,  0.000000E+00,  0.000000E+00,  0.000000E+00
  8.750000E+02,  0.000000E+00,  0.000000E+00,  0.000000E+00,  0.000000E+00
  8.850000E+02,  0.000000E+00,  0.000000E+00,  0.000000E+00,  0.000000E+00
  8.950000E+02,  0.000000E+00,  0.000000E+00,  0.000000E+00,  0.000000E+00
  9.050000E+02,  0.000000E+00,  0.000000E+00,  0.000000E+00,  0.000000E+00
  9.150000E+02,  1.191790E-29,  0.000000E+00,  0.000000E+00,  0.000000E+00
  9.250000E+02,  4.918201E-29,  0.000000E+00,  0.000000E+00,  0.000000E+00
  9.350000E+02,  7.372006E-29,  0.000000E+00,  0.000000E+00,  0.000000E+00
  9.450000E+02,  9.410527E-29,  0.000000E+00,  0.000000E+00,  0.000000E+00
  9.550000E+02,  1.291317E-28,  0.000000E+00,  0.000000E+00,  0.000000E+00
  9.650000E+02,  2.517708E-28,  0.000000E+00,  0.000000E+00,  0.000000E+00
  9.750000E+02,  2.083144E-28,  0.000000E+00,  0.000000E+00,  0.000000E+00
  9.850000E+02,  4.923598E-28,  0.000000E+00,  0.000000E+00,  0.000000E+00
  9.950000E+02,  7.652021E-28,  0.000000E+00,  0.000000E+00,  0.000000E+00
  1.005000E+03,  8.523065E-28,  0.000000E+00,  0.000000E+00,  0.000000E+00
  1.015000E+03,  1.113116E-27,  0.000000E+00,  0.000000E+00,  0.000000E+00
  1.025000E+03,  1.433772E-27,  0.000000E+00,  0.000000E+00,  0.000000E+00
  1.035000E+03,  3.707120E-27,  0.000000E+00,  0.000000E+00,  0.000000E+00
  1.045000E+03,  5.190478E-27,  0.000000E+00,  0.000000E+00,  0.000000E+00
  1.055000E+03,  5.841810E-27,  0.000000E+00,  0.000000E+00,  0.000000E+00
  1.065000E+03,  1.500938E-26,  0.000000E+00,  0.000000E+00,  0.000000E+00
  1.075000E+03,  1.877550E-26,  0.000000E+00,  0.000000E+00,  0.000000E+00
  1.085000E+03,  3.407901E-26,  0.000000E+00,  0.000000E+00,  0.000000E+00
  1.095000E+03,  4.399260E-26,  0.000000E+00,  0.000000E+00,  0.000000E+00
  1.105000E+03,  5.962623E-26,  0.000000E+00,  0.000000E+00,  0.000000E+00
  1.115000E+03,  7.221119E-26,  0.000000E+00,  0.000000E+00,  0.000000E+00
  1.125000E+03,  1.614320E-25,  0.000000E+00,  0.000000E+00,  0.000000E+00
  1.135000E+03,  2.631457E-25,  0.000000E+00,  0.000000E+00,  0.000000E+00
  1.145000E+03,  4.058115E-25,  0.000000E+00,  0.000000E+00,  0.000000E+00
  1.155000E+03,  5.595788E-25,  0.000000E+00,  0.000000E+00,  0.000000E+00
  1.165000E+03,  6.884329E-25,  0.000000E+00,  0.000000E+00,  0.000000E+00
  1.175000E+03,  1.028929E-24,  0.000000E+00,  0.000000E+00,  0.000000E+00
  1.185000E+03,  1.278415E-24,  0.000000E+00,  0.000000E+00,  0.000000E+00
  1.195000E+03,  1.315923E-24,  0.000000E+00,  0.000000E+00,  0.000000E+00
  1.205000E+03,  9.289076E-25,  0.000000E+00,  0.000000E+00,  0.000000E+00
  1.215000E+03,  2.738833E-25,  0.000000E+00,  0.000000E+00,  0.000000E+00
  1.225000E+03,  1.444769E-24,  0.000000E+00,  0.000000E+00,  0.000000E+00
  1.235000E+03,  4.606790E-24,  0.000000E+00,  0.000000E+00,  0.000000E+00
  1.245000E+03,  7.520949E-24,  0.000000E+00,  0.000000E+00,  0.000000E+00
  1.255000E+03,  1.020286E-23,  0.000000E+00,  0.000000E+00,  0.000000E+00
  1.265000E+03,  1.327999E-23,  0.000000E+00,  0.000000E+00,  0.000000E+00
  1.275000E+03,  1.741909E-23,  0.000000E+00,  0.000000E+00,  0.000000E+00
  1.285000E+03,  1.879287E-23,  0.000000E+00,  0.000000E+00,  0.000000E+00
  1.295000E+03,  2.391040E-23,  0.000000E+00,  0.000000E+00,  0.000000E+00
  1.305000E+03,  3.008544E-23,  0.000000E+00,  0.000000E+00,  0.000000E+00
  1.315000E+03,  3.848085E-23,  0.000000E+00,  0.000000E+00,  0.000000E+00
  1.325000E+03,  4.435652E-23,  0.000000E+00,  0.000000E+00,  0.000000E+00
  1.335000E+03,  5.143127E-23,  0.000000E+00,  0.000000E+00,  0.000000E+00
  1.345000E+03,  6.789156E-23,  0.000000E+00,  0.000000E+00,  0.000000E+00
  1.355000E+03,  8.925121E-23,  0.000000E+00,  0.000000E+00,  0.000000E+00
  1.365000E+03,  1.032018E-22,  0.000000E+00,  0.000000E+00,  0.000000E+00
  1.375000E+03,  1.208108E-22,  0.000000E+00,  0.000000E+00,  0.000000E+00
  1.385000E+03,  1.447633E-22,  0.000000E+00,  0.000000E+00,  0.000000E+00
  1.395000E+03,  1.778990E-22,  0.000000E+00,  0.000000E+00,  0.000000E+00
  1.405000E+03,  2.401067E-22,  0.000000E+00,  0.000000E+00,  0.000000E+00
  1.415000E+03,  3.072833E-22,  0.000000E+00,  0.000000E+00,  0.000000E+00
  1.425000E+03,  3.575300E-22,  0.000000E+00,  0.000000E+00,  0.000000E+00
  1.435000E+03,  4.807463E-22,  0.000000E+00,  0.000000E+00,  0.000000E+00
  1.442000E+03,  6.479185E-22,  0.000000E+00,  0.000000E+00,  0.000000E+00
  1.447000E+03,  5.895240E-22,  0.000000E+00,  0.000000E+00,  0.000000E+00
  1.455000E+03,  7.090117E-22,  0.000000E+00,  0.000000E+00,  0.000000E+00
  1.465000E+03,  9.888130E-22,  0.000000E+00,  0.000000E+00,  0.000000E+00
  1.475000E+03,  1.026220E-21,  0.000000E+00,  0.000000E+00,  0.000000E+00
  1.485000E+03,  1.275784E-21,  0.000000E+00,  0.000000E+00,  0.000000E+00
  1.495000E+03,  1.843274E-21,  0.000000E+00,  0.000000E+00,  0.000000E+00
  1.505000E+03,  2.494184E-21,  0.000000E+00,  0.000000E+00,  0.000000E+00
  1.512000E+03,  1.823960E-21,  0.000000E+00,  0.000000E+00,  0.000000E+00
  1.517000E+03,  2.704408E-21,  0.000000E+00,  0.000000E+00,  0.000000E+00
  1.525000E+03,  4.667847E-21,  0.000000E+00,  0.000000E+00,  0.000000E+00
  1.535000E+03,  1.353626E-20,  0.000000E+00,  0.000000E+00,  0.000000E+00
  1.545000E+03,  1.036328E-20,  0.000000E+00,  0.000000E+00,  0.000000E+00
  1.555000E+03,  1.687991E-20,  0.000000E+00,  0.000000E+00,  0.000000E+00
  1.565000E+03,  1.502426E-20,  0.000000E+00,  0.000000E+00,  0.000000E+00
  1.575000E+03,  3.007621E-20,  0.000000E+00,  0.000000E+00,  0.000000E+00
  1.585000E+03,  2.769444E-20,  0.000000E+00,  0.000000E+00,  0.000000E+00
  1.595000E+03,  2.378381E-20,  0.000000E+00,  0.000000E+00,  0.000000E+00
  1.605000E+03,  2.369357E-20,  0.000000E+00,  0.000000E+00,  0.000000E+00
  1.615000E+03,  2.160359E-20,  0.000000E+00,  0.000000E+00,  0.000000E+00
  1.625000E+03,  1.801159E-20,  0.000000E+00,  0.000000E+00,  0.000000E+00
  1.635000E+03,  2.258976E-20,  0.000000E+00,  0.000000E+00,  0.000000E+00
  1.645000E+03,  2.575761E-20,  0.000000E+00,  0.000000E+00,  0.000000E+00
  1.655000E+03,  2.457002E-20,  0.000000E+00,  0.000000E+00,  0.000000E+00
  1.665000E+03,  3.751223E-20,  0.000000E+00,  0.000000E+00,  0.000000E+00
  1.672000E+03,  3.749085E-20,  0.000000E+00,  0.000000E+00,  0.000000E+00
  1.677000E+03,  5.548515E-20,  0.000000E+00,  0.000000E+00,  0.000000E+00
  1.685000E+03,  5.942959E-20,  0.000000E+00,  0.000000E+00,  0.000000E+00
  1.695000E+03,  5.482407E-20,  0.000000E+00,  0.000000E+00,  0.000000E+00
  1.705000E+03,  4.119209E-20,  0.000000E+00,  0.000000E+00,  0.000000E+00
  1.715000E+03,  6.171779E-20,  0.000000E+00,  0.000000E+00,  0.000000E+00
  1.725000E+03,  7.048810E-20,  0.000000E+00,  0.000000E+00,  0.000000E+00
  1.735000E+03,  6.593270E-20,  0.000000E+00,  0.000000E+00,  0.000000E+00
  1.745000E+03,  8.193740E-20,  0.000000E+00,  0.000000E+00,  0.000000E+00
  1.755000E+03,  0.000000E+00,  0.000000E+00,  0.000000E+00,  0.000000E+00
  1.765000E+03,  1.452552E-19,  0.000000E+00,  0.000000E+00,  0.000000E+00
  1.775000E+03,  5.219651E-20,  0.000000E+00,  0.000000E+00,  0.000000E+00
  1.785000E+03,  3.846306E-19,  0.000000E+00,  0.000000E+00,  0.000000E+00
  1.795000E+03,  7.790707E-20,  0.000000E+00,  0.000000E+00,  0.000000E+00
  1.805000E+03,  6.980107E-19,  0.000000E+00,  0.000000E+00,  0.000000E+00
  1.815000E+03,  1.887007E-19,  0.000000E+00,  0.000000E+00,  0.000000E+00
  1.825000E+03,  6.348516E-19,  0.000000E+00,  0.000000E+00,  0.000000E+00
  1.835000E+03,  2.296238E-19,  0.000000E+00,  0.000000E+00,  0.000000E+00
  1.845000E+03,  1.496778E-18,  0.000000E+00,  0.000000E+00,  0.000000E+00
  1.855000E+03,  3.522676E-19,  0.000000E+00,  0.000000E+00,  0.000000E+00
  1.865000E+03,  1.598666E-18,  0.000000E+00,  0.000000E+00,  0.000000E+00
  1.875000E+03,  1.073428E-18,  0.000000E+00,  0.000000E+00,  0.000000E+00
  1.885000E+03,  1.758535E-18,  0.000000E+00,  0.000000E+00,  0.000000E+00
  1.895000E+03,  1.815522E-18,  0.000000E+00,  0.000000E+00,  0.000000E+00
  1.905000E+03,  2.334515E-18,  0.000000E+00,  0.000000E+00,  0.000000E+00
  1.915000E+03,  4.108679E-18,  0.000000E+00,  0.000000E+00,  0.000000E+00
  1.925000E+03,  2.624101E-18,  0.000000E+00,  0.000000E+00,  0.000000E+00
  1.935000E+03,  2.269748E-18,  0.000000E+00,  0.000000E+00,  0.000000E+00
  1.945000E+03,  4.383902E-18,  0.000000E+00,  0.000000E+00,  0.000000E+00
  1.955000E+03,  7.870697E-18,  0.000000E+00,  0.000000E+00,  0.000000E+00
  1.967000E+03,  7.097789E-18,  0.000000E+00,  0.000000E+00,  0.000000E+00
  1.976000E+03,  9.304323E-18,  0.000000E+00,  0.000000E+00,  0.000000E+00
  1.984000E+03,  1.397637E-17,  0.000000E+00,  0.000000E+00,  0.000000E+00
  1.995000E+03,  1.072560E-17,  0.000000E+00,  0.000000E+00,  0.000000E+00
  2.005000E+03,  1.420799E-17,  0.000000E+00,  0.000000E+00,  0.000000E+00
  2.015000E+03,  1.574533E-17,  0.000000E+00,  0.000000E+00,  0.000000E+00
  2.025000E+03,  1.604442E-17,  0.000000E+00,  0.000000E+00,  0.000000E+00
  2.035000E+03,  1.861609E-17,  0.000000E+00,  0.000000E+00,  0.000000E+00
  2.045000E+03,  1.777774E-17,  0.000000E+00,  0.000000E+00,  0.000000E+00
  2.055000E+03,  2.314441E-17,  0.000000E+00,  0.000000E+00,  0.000000E+00
  2.065000E+03,  2.025994E-17,  0.000000E+00,  0.000000E+00,  0.000000E+00
  2.074000E+03,  1.630846E-17,  0.000000E+00,  0.000000E+00,  0.000000E+00
  2.078000E+03,  2.582113E-17,  0.000000E+00,  0.000000E+00,  0.000000E+00
  2.085000E+03,  3.378184E-17,  0.000000E+00,  0.000000E+00,  0.000000E+00
  2.095000E+03,  4.792217E-17,  0.000000E+00,  0.000000E+00,  0.000000E+00
  2.105000E+03,  4.264823E-17,  0.000000E+00,  0.000000E+00,  0.000000E+00
  2.115000E+03,  3.046362E-17,  0.000000E+00,  0.000000E+00,  0.000000E+00
  2.125000E+03,  4.926323E-17,  0.000000E+00,  0.000000E+00,  0.000000E+00
  2.135000E+03,  6.614594E-17,  0.000000E+00,  0.000000E+00,  0.000000E+00
  2.145000E+03,  3.098127E-17,  0.000000E+00,  0.000000E+00,  0.000000E+00
  2.155000E+03,  5.800252E-17,  0.000000E+00,  0.000000E+00,  0.000000E+00
  2.165000E+03,  6.027870E-17,  0.000000E+00,  0.000000E+00,  0.000000E+00
  2.175000E+03,  6.666237E-17,  0.000000E+00,  0.000000E+00,  0.000000E+00
  2.185000E+03,  4.828105E-17,  0.000000E+00,  0.000000E+00,  0.000000E+00
  2.195000E+03,  1.199889E-16,  0.000000E+00,  0.000000E+00,  0.000000E+00
  2.205000E+03,  7.889307E-17,  0.000000E+00,  0.000000E+00,  0.000000E+00
  2.215000E+03,  1.305066E-16,  0.000000E+00,  0.000000E+00,  0.000000E+00
  2.225000E+03,  8.325308E-17,  0.000000E+00,  0.000000E+00,  0.000000E+00
  2.235000E+03,  1.448089E-16,  0.000000E+00,  0.000000E+00,  0.000000E+00
  2.245000E+03,  1.771992E-16,  0.000000E+00,  0.000000E+00,  0.000000E+00
  2.255000E+03,  2.976632E-16,  0.000000E+00,  0.000000E+00,  0.000000E+00
  2.265000E+03,  1.237632E-16,  0.000000E+00,  0.000000E+00,  0.000000E+00
  2.275000E+03,  3.334393E-16,  0.000000E+00,  0.000000E+00,  0.000000E+00
  2.285000E+03,  2.509970E-16,  0.000000E+00,  0.000000E+00,  0.000000E+00
  2.295000E+03,  5.418513E-16,  0.000000E+00,  0.000000E+00,  0.000000E+00
  2.305000E+03,  1.201226E-16,  0.000000E+00,  0.000000E+00,  0.000000E+00
  2.315000E+03,  7.134753E-16,  0.000000E+00,  0.000000E+00,  0.000000E+00
  2.325000E+03,  4.799806E-16,  0.000000E+00,  0.000000E+00,  0.000000E+00
  2.335000E+03,  8.392610E-16,  0.000000E+00,  0.000000E+00,  0.000000E+00
  2.345000E+03,  4.863809E-16,  0.000000E+00,  0.000000E+00,  0.000000E+00
  2.355000E+03,  3.457800E-16,  0.000000E+00,  0.000000E+00,  0.000000E+00
  2.365000E+03,  5.859285E-16,  0.000000E+00,  0.000000E+00,  0.000000E+00
  2.375000E+03,  5.252947E-16,  0.000000E+00,  0.000000E+00,  0.000000E+00
  2.385000E+03,  1.112640E-15,  0.000000E+00,  0.000000E+00,  0.000000E+00
  2.395000E+03,  9.851832E-16,  0.000000E+00,  0.000000E+00,  0.000000E+00
  2.405000E+03,  1.886140E-15,  0.000000E+00,  0.000000E+00,  0.000000E+00
  2.415000E+03,  1.072329E-15,  0.000000E+00,  0.000000E+00,  0.000000E+00
  2.425000E+03,  1.301799E-15,  0.000000E+00,  0.000000E+00,  0.000000E+00
  2.435000E+03,  1.990153E-15,  0.000000E+00,  0.000000E+00,  0.000000E+00
  2.445000E+03,  2.778698E-15,  0.000000E+00,  0.000000E+00,  0.000000E+00
  2.455000E+03,  3.233336E-15,  0.000000E+00,  0.000000E+00,  0.000000E+00
  2.465000E+03,  2.026418E-15,  0.000000E+00,  0.000000E+00,  0.000000E+00
  2.475000E+03,  3.920693E-15,  0.000000E+00,  0.000000E+00,  0.000000E+00
  2.485000E+03,  1.397707E-15,  0.000000E+00,  0.000000E+00,  0.000000E+00
  2.495000E+03,  1.580380E-15,  0.000000E+00,  0.000000E+00,  0.000000E+00
  2.505000E+03,  3.334351E-15,  0.000000E+00,  0.000000E+00,  0.000000E+00
  2.513000E+03,  2.325831E-15,  0.000000E+00,  0.000000E+00,  0.000000E+00
  2.518000E+03,  2.468426E-15,  0.000000E+00,  0.000000E+00,  0.000000E+00
  2.525000E+03,  3.002020E-15,  0.000000E+00,  0.000000E+00,  0.000000E+00
  2.535000E+03,  6.471645E-15,  0.000000E+00,  0.000000E+00,  0.000000E+00
  2.545000E+03,  8.028512E-15,  0.000000E+00,  0.000000E+00,  0.000000E+00
  2.555000E+03,  8.435032E-15,  0.000000E+00,  0.000000E+00,  0.000000E+00
  2.565000E+03,  4.586435E-15,  0.000000E+00,  0.000000E+00,  0.000000E+00
  2.575000E+03,  7.191368E-15,  0.000000E+00,  0.000000E+00,  0.000000E+00
  2.585000E+03,  5.196097E-15,  0.000000E+00,  0.000000E+00,  0.000000E+00
  2.595000E+03,  6.750334E-15,  0.000000E+00,  0.000000E+00,  0.000000E+00
  2.605000E+03,  9.758048E-15,  0.000000E+00,  0.000000E+00,  0.000000E+00
  2.615000E+03,  8.776507E-15,  0.000000E+00,  0.000000E+00,  0.000000E+00
  2.625000E+03,  1.326270E-14,  0.000000E+00,  0.000000E+00,  0.000000E+00
  2.635000E+03,  2.188496E-14,  0.000000E+00,  0.000000E+00,  0.000000E+00
  2.645000E+03,  1.621744E-14,  0.000000E+00,  0.000000E+00,  0.000000E+00
  2.655000E+03,  2.922987E-14,  0.000000E+00,  0.000000E+00,  0.000000E+00
  2.665000E+03,  2.059424E-14,  0.000000E+00,  0.000000E+00,  0.000000E+00
  2.675000E+03,  1.779495E-14,  0.000000E+00,  0.000000E+00,  0.000000E+00
  2.685000E+03,  2.489827E-14,  0.000000E+00,  0.000000E+00,  0.000000E+00
  2.695000E+03,  1.490476E-14,  0.000000E+00,  0.000000E+00,  0.000000E+00
  2.705000E+03,  2.810121E-14,  0.000000E+00,  0.000000E+00,  0.000000E+00
  2.715000E+03,  2.451599E-14,  0.000000E+00,  0.000000E+00,  0.000000E+00
  2.725000E+03,  2.174177E-14,  0.000000E+00,  0.000000E+00,  0.000000E+00
  2.735000E+03,  2.270069E-14,  0.000000E+00,  0.000000E+00,  0.000000E+00
  2.745000E+03,  3.158299E-14,  0.000000E+00,  0.000000E+00,  0.000000E+00
  2.755000E+03,  3.072897E-14,  0.000000E+00,  0.000000E+00,  0.000000E+00
  2.765000E+03,  4.098110E-14,  0.000000E+00,  0.000000E+00,  0.000000E+00
  2.775000E+03,  5.323320E-14,  0.000000E+00,  0.000000E+00,  0.000000E+00
  2.785000E+03,  3.574111E-14,  0.000000E+00,  0.000000E+00,  0.000000E+00
  2.795000E+03,  3.947205E-14,  0.000000E+00,  0.000000E+00,  0.000000E+00
  2.805000E+03,  4.216108E-14,  0.000000E+00,  0.000000E+00,  0.000000E+00
  2.815000E+03,  4.892563E-14,  0.000000E+00,  0.000000E+00,  0.000000E+00
  2.825000E+03,  5.122140E-14,  0.000000E+00,  0.000000E+00,  0.000000E+00
  2.835000E+03,  4.531750E-14,  0.000000E+00,  0.000000E+00,  0.000000E+00
  2.845000E+03,  3.379864E-14,  0.000000E+00,  0.000000E+00,  0.000000E+00
  2.855000E+03,  1.636874E-14,  0.000000E+00,  0.000000E+00,  0.000000E+00
  2.865000E+03,  4.958546E-14,  0.000000E+00,  0.000000E+00,  0.000000E+00
  2.875000E+03,  5.630694E-14,  0.000000E+00,  0.000000E+00,  0.000000E+00
  2.885000E+03,  7.749744E-14,  0.000000E+00,  0.000000E+00,  0.000000E+00
  2.895000E+03,  8.974453E-14,  0.000000E+00,  0.000000E+00,  0.000000E+00
  2.910000E+03,  1.209708E-13,  0.000000E+00,  0.000000E+00,  0.000000E+00
  2.930000E+03,  1.357079E-13,  0.000000E+00,  0.000000E+00,  0.000000E+00
  2.950000E+03,  1.270062E-13,  0.000000E+00,  0.000000E+00,  0.000000E+00
  2.970000E+03,  1.259324E-13,  0.000000E+00,  0.000000E+00,  0.000000E+00
  2.990000E+03,  1.413001E-13,  0.000000E+00,  0.000000E+00,  0.000000E+00
  3.010000E+03,  1.418974E-13,  0.000000E+00,  0.000000E+00,  0.000000E+00
  3.030000E+03,  1.944105E-13,  0.000000E+00,  0.000000E+00,  0.000000E+00
  3.050000E+03,  2.162858E-13,  0.000000E+00,  0.000000E+00,  0.000000E+00
  3.070000E+03,  3.046690E-13,  0.000000E+00,  0.000000E+00,  0.000000E+00
  3.090000E+03,  2.675428E-13,  0.000000E+00,  0.000000E+00,  0.000000E+00
  3.110000E+03,  4.957880E-13,  0.000000E+00,  0.000000E+00,  0.000000E+00
  3.130000E+03,  4.332977E-13,  0.000000E+00,  0.000000E+00,  0.000000E+00
  3.150000E+03,  6.723149E-13,  0.000000E+00,  0.000000E+00,  0.000000E+00
  3.170000E+03,  9.269003E-13,  0.000000E+00,  0.000000E+00,  0.000000E+00
  3.190000E+03,  6.963125E-13,  0.000000E+00,  0.000000E+00,  0.000000E+00
  3.210000E+03,  7.723713E-13,  0.000000E+00,  0.000000E+00,  0.000000E+00
  3.230000E+03,  6.882959E-13,  0.000000E+00,  0.000000E+00,  0.000000E+00
  3.250000E+03,  1.240112E-12,  0.000000E+00,  0.000000E+00,  0.000000E+00
  3.270000E+03,  1.758111E-12,  0.000000E+00,  0.000000E+00,  0.000000E+00
  3.290000E+03,  2.052210E-12,  0.000000E+00,  0.000000E+00,  0.000000E+00
  3.310000E+03,  1.526257E-12,  0.000000E+00,  0.000000E+00,  0.000000E+00
  3.330000E+03,  1.617033E-12,  0.000000E+00,  0.000000E+00,  0.000000E+00
  3.350000E+03,  1.421137E-12,  0.000000E+00,  0.000000E+00,  0.000000E+00
  3.370000E+03,  7.792825E-13,  0.000000E+00,  0.000000E+00,  0.000000E+00
  3.390000E+03,  9.948613E-13,  0.000000E+00,  0.000000E+00,  0.000000E+00
  3.410000E+03,  1.130789E-12,  0.000000E+00,  0.000000E+00,  0.000000E+00
  3.430000E+03,  1.361466E-12,  0.000000E+00,  0.000000E+00,  0.000000E+00
  3.450000E+03,  1.265157E-12,  0.000000E+00,  0.000000E+00,  0.000000E+00
  3.470000E+03,  1.270673E-12,  0.000000E+00,  0.000000E+00,  0.000000E+00
  3.490000E+03,  1.831592E-12,  0.000000E+00,  0.000000E+00,  0.000000E+00
  3.510000E+03,  2.436621E-12,  0.000000E+00,  0.000000E+00,  0.000000E+00
  3.530000E+03,  2.199624E-12,  0.000000E+00,  0.000000E+00,  0.000000E+00
  3.550000E+03,  3.073751E-12,  0.000000E+00,  0.000000E+00,  0.000000E+00
  3.570000E+03,  1.280152E-12,  0.000000E+00,  0.000000E+00,  0.000000E+00
  3.590000E+03,  1.282339E-12,  0.000000E+00,  0.000000E+00,  0.000000E+00
  3.610000E+03,  2.011231E-12,  0.000000E+00,  0.000000E+00,  0.000000E+00
  3.630000E+03,  2.518061E-12,  0.000000E+00,  0.000000E+00,  0.000000E+00
  3.640000E+03,  2.800477E-12,  0.000000E+00,  0.000000E+00,  0.000000E+00
  3.650000E+03,  3.485485E-12,  0.000000E+00,  0.000000E+00,  0.000000E+00
  3.670000E+03,  4.297890E-12,  0.000000E+00,  0.000000E+00,  0.000000E+00
  3.690000E+03,  3.285046E-12,  0.000000E+00,  0.000000E+00,  0.000000E+00
  3.710000E+03,  2.719574E-12,  0.000000E+00,  0.000000E+00,  0.000000E+00
  3.730000E+03,  1.106415E-12,  0.000000E+00,  0.000000E+00,  0.000000E+00
  3.750000E+03,  1.394268E-12,  0.000000E+00,  0.000000E+00,  0.000000E+00
  3.770000E+03,  3.161676E-12,  0.000000E+00,  0.000000E+00,  0.000000E+00
  3.790000E+03,  3.454472E-12,  0.000000E+00,  0.000000E+00,  0.000000E+00
  3.810000E+03,  2.888020E-12,  0.000000E+00,  0.000000E+00,  0.000000E+00
  3.830000E+03,  1.180569E-12,  0.000000E+00,  0.000000E+00,  0.000000E+00
  3.850000E+03,  1.959538E-12,  0.000000E+00,  0.000000E+00,  0.000000E+00
  3.870000E+03,  1.907367E-12,  0.000000E+00,  0.000000E+00,  0.000000E+00
  3.890000E+03,  2.425728E-12,  0.000000E+00,  0.000000E+00,  0.000000E+00
  3.910000E+03,  3.565917E-12,  0.000000E+00,  0.000000E+00,  0.000000E+00
  3.930000E+03,  1.290776E-12,  0.000000E+00,  0.000000E+00,  0.000000E+00
  3.950000E+03,  2.710868E-12,  0.000000E+00,  0.000000E+00,  0.000000E+00
  3.970000E+03,  1.846486E-12,  0.000000E+00,  0.000000E+00,  0.000000E+00
  3.990000E+03,  5.860945E-12,  0.000000E+00,  0.000000E+00,  0.000000E+00
  4.010000E+03,  7.507213E-12,  0.000000E+00,  0.000000E+00,  0.000000E+00
  4.030000E+03,  6.074108E-12,  0.000000E+00,  0.000000E+00,  0.000000E+00
  4.050000E+03,  6.105838E-12,  0.000000E+00,  0.000000E+00,  0.000000E+00
  4.070000E+03,  5.506140E-12,  0.000000E+00,  0.000000E+00,  0.000000E+00
  4.090000E+03,  8.153251E-12,  0.000000E+00,  0.000000E+00,  0.000000E+00
  4.110000E+03,  5.835524E-12,  0.000000E+00,  0.000000E+00,  0.000000E+00
  4.130000E+03,  6.238302E-12,  0.000000E+00,  0.000000E+00,  0.000000E+00
  4.150000E+03,  5.748595E-12,  0.000000E+00,  0.000000E+00,  0.000000E+00
  4.170000E+03,  5.773373E-12,  0.000000E+00,  0.000000E+00,  0.000000E+00
  4.190000E+03,  5.994215E-12,  0.000000E+00,  0.000000E+00,  0.000000E+00
  4.210000E+03,  5.632540E-12,  0.000000E+00,  0.000000E+00,  0.000000E+00
  4.230000E+03,  4.086322E-12,  0.000000E+00,  0.000000E+00,  0.000000E+00
  4.250000E+03,  6.192786E-12,  0.000000E+00,  0.000000E+00,  0.000000E+00
  4.270000E+03,  5.670834E-12,  0.000000E+00,  0.000000E+00,  0.000000E+00
  4.290000E+03,  5.435140E-12,  0.000000E+00,  0.000000E+00,  0.000000E+00
  4.310000E+03,  5.681395E-12,  0.000000E+00,  0.000000E+00,  0.000000E+00
  4.330000E+03,  8.596691E-12,  0.000000E+00,  0.000000E+00,  0.000000E+00
  4.350000E+03,  9.015082E-12,  0.000000E+00,  0.000000E+00,  0.000000E+00
  4.370000E+03,  9.661599E-12,  0.000000E+00,  0.000000E+00,  0.000000E+00
  4.390000E+03,  7.977528E-12,  0.000000E+00,  0.000000E+00,  0.000000E+00
  4.410000E+03,  8.675749E-12,  0.000000E+00,  0.000000E+00,  0.000000E+00
  4.430000E+03,  9.370812E-12,  0.000000E+00,  0.000000E+00,  0.000000E+00
  4.450000E+03,  9.779722E-12,  0.000000E+00,  0.000000E+00,  0.000000E+00
  4.470000E+03,  1.104137E-11,  0.000000E+00,  0.000000E+00,  0.000000E+00
  4.490000E+03,  1.153778E-11,  0.000000E+00,  0.000000E+00,  0.000000E+00
  4.510000E+03,  1.378173E-11,  0.000000E+00,  0.000000E+00,  0.000000E+00
  4.530000E+03,  1.108635E-11,  0.000000E+00,  0.000000E+00,  0.000000E+00
  4.550000E+03,  1.240717E-11,  0.000000E+00,  0.000000E+00,  0.000000E+00
  4.570000E+03,  1.354670E-11,  0.000000E+00,  0.000000E+00,  0.000000E+00
  4.590000E+03,  1.296894E-11,  0.000000E+00,  0.000000E+00,  0.000000E+00
  4.610000E+03,  1.350983E-11,  1.350983E-14,  0.000000E+00,  0.000000E+00
  4.630000E+03,  1.341781E-11,  4.025344E-14,  0.000000E+00,  0.000000E+00
  4.650000E+03,  1.302953E-11,  6.514767E-14,  0.000000E+00,  0.000000E+00
  4.670000E+03,  1.419943E-11,  9.939602E-14,  0.000000E+00,  0.000000E+00
  4.690000E+03,  1.372433E-11,  1.235190E-13,  0.000000E+00,  0.000000E+00
  4.710000E+03,  1.278859E-11,  1.406745E-13,  0.000000E+00,  0.000000E+00
  4.730000E+03,  1.285899E-11,  1.671669E-13,  0.000000E+00,  0.000000E+00
  4.750000E+03,  1.273364E-11,  1.910045E-13,  0.000000E+00,  0.000000E+00
  4.770000E+03,  1.146811E-11,  1.949579E-13,  0.000000E+00,  0.000000E+00
  4.790000E+03,  1.217035E-11,  2.312367E-13,  0.000000E+00,  0.000000E+00
  4.810000E+03,  1.377707E-11,  5.235287E-13,  0.000000E+00,  0.000000E+00
  4.830000E+03,  1.387802E-11,  1.026974E-12,  0.000000E+00,  0.000000E+00
  4.850000E+03,  1.417661E-11,  1.559427E-12,  0.000000E+00,  0.000000E+00
  4.870000E+03,  1.328117E-11,  1.939050E-12,  0.000000E+00,  0.000000E+00
  4.890000E+03,  1.390176E-11,  2.530120E-12,  0.000000E+00,  0.000000E+00
  4.910000E+03,  1.392675E-11,  3.036032E-12,  0.000000E+00,  0.000000E+00
  4.930000E+03,  1.288924E-11,  3.273868E-12,  0.000000E+00,  0.000000E+00
  4.950000E+03,  1.312539E-11,  3.806363E-12,  0.000000E+00,  0.000000E+00
  4.970000E+03,  1.251849E-11,  4.081027E-12,  0.000000E+00,  0.000000E+00
  4.990000E+03,  1.109846E-11,  4.017643E-12,  0.000000E+00,  0.000000E+00
  5.010000E+03,  9.659360E-12,  3.926530E-12,  0.000000E+00,  0.000000E+00
  5.030000E+03,  1.057805E-11,  4.860615E-12,  0.000000E+00,  0.000000E+00
  5.050000E+03,  9.854809E-12,  5.050590E-12,  0.000000E+00,  0.000000E+00
  5.070000E+03,  9.675886E-12,  5.471714E-12,  0.000000E+00,  0.000000E+00
  5.090000E+03,  9.123706E-12,  5.643012E-12,  0.000000E+00,  0.000000E+00
  5.110000E+03,  9.464535E-12,  6.355435E-12,  0.000000E+00,  0.000000E+00
  5.130000E+03,  8.976480E-12,  6.503460E-12,  0.000000E+00,  0.000000E+00
  5.150000E+03,  8.463375E-12,  6.580274E-12,  0.000000E+00,  0.000000E+00
  5.170000E+03,  7.508254E-12,  6.235605E-12,  0.000000E+00,  0.000000E+00
  5.190000E+03,  8.270097E-12,  7.306631E-12,  0.000000E+00,  0.000000E+00
  5.210000E+03,  9.951365E-12,  9.090572E-12,  0.000000E+00,  0.000000E+00
  5.230000E+03,  1.416784E-11,  1.304150E-11,  0.000000E+00,  0.000000E+00
  5.250000E+03,  1.523949E-11,  1.413463E-11,  0.000000E+00,  0.000000E+00
  5.270000E+03,  1.266051E-11,  1.183124E-11,  0.000000E+00,  0.000000E+00
  5.290000E+03,  1.559697E-11,  1.468455E-11,  0.000000E+00,  0.000000E+00
  5.310000E+03,  1.711824E-11,  1.623666E-11,  0.000000E+00,  0.000000E+00
  5.330000E+03,  1.454754E-11,  1.390018E-11,  0.000000E+00,  0.000000E+00
  5.350000E+03,  1.597063E-11,  1.537173E-11,  0.000000E+00,  0.000000E+00
  5.370000E+03,  1.594992E-11,  1.546344E-11,  0.000000E+00,  0.000000E+00
  5.390000E+03,  1.537852E-11,  1.501712E-11,  0.000000E+00,  0.000000E+00
  5.410000E+03,  1.517839E-11,  1.467750E-11,  0.000000E+00,  0.000000E+00
  5.430000E+03,  1.523549E-11,  1.433659E-11,  0.000000E+00,  0.000000E+00
  5.450000E+03,  1.564074E-11,  1.431128E-11,  0.000000E+00,  0.000000E+00
  5.470000E+03,  1.587890E-11,  1.411635E-11,  0.000000E+00,  0.000000E+00
  5.490000E+03,  1.604213E-11,  1.384436E-11,  0.000000E+00,  0.000000E+00
  5.510000E+03,  1.552443E-11,  1.299395E-11,  0.000000E+00,  0.000000E+00
  5.530000E+03,  1.670760E-11,  1.354986E-11,  0.000000E+00,  0.000000E+00
  5.550000E+03,  1.711294E-11,  1.343366E-11,  0.000000E+00,  0.000000E+00
  5.570000E+03,  1.648432E-11,  1.251160E-11,  0.000000E+00,  0.000000E+00
  5.590000E+03,  1.541828E-11,  1.130160E-11,  0.000000E+00,  0.000000E+00
  5.610000E+03,  1.656409E-11,  1.184333E-11,  0.000000E+00,  0.000000E+00
  5.630000E+03,  1.707925E-11,  1.204087E-11,  0.000000E+00,  0.000000E+00
  5.650000E+03,  1.751677E-11,  1.217416E-11,  0.000000E+00,  0.000000E+00
  5.670000E+03,  1.698443E-11,  1.163433E-11,  0.000000E+00,  0.000000E+00
  5.690000E+03,  1.740713E-11,  1.174981E-11,  0.000000E+00,  0.000000E+00
  5.710000E+03,  1.655671E-11,  1.101021E-11,  0.000000E+00,  0.000000E+00
  5.730000E+03,  1.816989E-11,  1.190128E-11,  0.000000E+00,  0.000000E+00
  5.750000E+03,  1.797897E-11,  1.159643E-11,  0.000000E+00,  0.000000E+00
  5.770000E+03,  1.816266E-11,  1.153329E-11,  0.000000E+00,  0.000000E+00
  5.790000E+03,  1.714482E-11,  1.071551E-11,  0.000000E+00,  0.000000E+00
  5.810000E+03,  1.812063E-11,  1.103546E-11,  0.000000E+00,  0.000000E+00
  5.830000E+03,  1.870387E-11,  1.097917E-11,  0.000000E+00,  0.000000E+00
  5.850000E+03,  1.790547E-11,  1.011659E-11,  0.000000E+00,  0.000000E+00
  5.870000E+03,  1.777949E-11,  9.654261E-12,  0.000000E+00,  0.000000E+00
  5.890000E+03,  1.129880E-11,  5.886676E-12,  0.000000E+00,  0.000000E+00
  5.910000E+03,  1.697925E-11,  8.472645E-12,  0.000000E+00,  0.000000E+00
  5.930000E+03,  1.778986E-11,  8.485761E-12,  0.000000E+00,  0.000000E+00
  5.950000E+03,  1.786606E-11,  8.129059E-12,  0.000000E+00,  0.000000E+00
  5.970000E+03,  1.824140E-11,  7.898525E-12,  0.000000E+00,  0.000000E+00
  5.990000E+03,  1.804371E-11,  7.415964E-12,  0.000000E+00,  0.000000E+00
  6.010000E+03,  1.778802E-11,  6.937327E-12,  0.000000E+00,  0.000000E+00
  6.030000E+03,  1.827421E-11,  6.761456E-12,  0.000000E+00,  0.000000E+00
  6.050000E+03,  1.861439E-11,  6.515038E-12,  0.000000E+00,  0.000000E+00
  6.070000E+03,  1.844477E-11,  6.086774E-12,  0.000000E+00,  0.000000E+00
  6.090000E+03,  1.790345E-11,  5.550069E-12,  0.000000E+00,  0.000000E+00
  6.110000E+03,  1.791111E-11,  5.194221E-12,  0.000000E+00,  0.000000E+00
  6.130000E+03,  1.660304E-11,  4.482819E-12,  0.000000E+00,  0.000000E+00
  6.150000E+03,  1.766332E-11,  4.415830E-12,  0.000000E+00,  0.000000E+00
  6.170000E+03,  1.566996E-11,  3.604090E-12,  0.000000E+00,  0.000000E+00
  6.190000E+03,  1.777834E-11,  3.733451E-12,  0.000000E+00,  0.000000E+00
  6.210000E+03,  1.757749E-11,  3.410033E-12,  0.000000E+00,  0.000000E+00
  6.230000E+03,  1.703730E-11,  3.100789E-12,  0.000000E+00,  0.000000E+00
  6.250000E+03,  1.649269E-11,  2.803758E-12,  0.000000E+00,  0.000000E+00
  6.270000E+03,  1.723720E-11,  2.723477E-12,  0.000000E+00,  0.000000E+00
  6.290000E+03,  1.771168E-11,  2.585906E-12,  0.000000E+00,  0.000000E+00
  6.310000E+03,  1.722504E-11,  2.308156E-12,  0.000000E+00,  0.000000E+00
  6.330000E+03,  1.755550E-11,  2.141771E-12,  0.000000E+00,  0.000000E+00
  6.350000E+03,  1.775230E-11,  1.952753E-12,  0.000000E+00,  0.000000E+00
  6.370000E+03,  1.768533E-11,  1.733163E-12,  0.000000E+00,  0.000000E+00
  6.390000E+03,  1.803869E-11,  1.551327E-12,  0.000000E+00,  0.000000E+00
  6.410000E+03,  1.761378E-11,  1.356261E-12,  0.000000E+00,  0.000000E+00
  6.430000E+03,  1.760210E-11,  1.249749E-12,  0.000000E+00,  0.000000E+00
  6.450000E+03,  1.715005E-11,  1.114753E-12,  0.000000E+00,  0.000000E+00
  6.470000E+03,  1.718686E-11,  1.014025E-12,  0.000000E+00,  0.000000E+00
  6.490000E+03,  1.700411E-11,  9.012178E-13,  0.000000E+00,  0.000000E+00
  6.510000E+03,  1.776563E-11,  8.349848E-13,  0.000000E+00,  0.000000E+00
  6.530000E+03,  1.815003E-11,  7.441514E-13,  0.000000E+00,  0.000000E+00
  6.550000E+03,  1.776778E-11,  6.218723E-13,  0.000000E+00,  0.000000E+00
  6.570000E+03,  1.760266E-11,  5.104770E-13,  0.000000E+00,  0.000000E+00
  6.590000E+03,  1.787051E-11,  4.110217E-13,  0.000000E+00,  0.000000E+00
  6.610000E+03,  1.796528E-11,  3.503230E-13,  0.000000E+00,  0.000000E+00
  6.630000E+03,  1.794763E-11,  3.320312E-13,  0.000000E+00,  0.000000E+00
  6.650000E+03,  1.786672E-11,  3.126677E-13,  0.000000E+00,  0.000000E+00
  6.670000E+03,  1.756221E-11,  2.897765E-13,  0.000000E+00,  0.000000E+00
  6.690000E+03,  1.776362E-11,  2.753361E-13,  0.000000E+00,  0.000000E+00
  6.710000E+03,  1.722091E-11,  2.497032E-13,  0.000000E+00,  0.000000E+00
  6.730000E+03,  1.770680E-11,  2.390418E-13,  0.000000E+00,  0.000000E+00
  6.750000E+03,  1.734673E-11,  2.168341E-13,  0.000000E+00,  0.000000E+00
  6.770000E+03,  1.761579E-11,  2.025816E-13,  0.000000E+00,  0.000000E+00
  6.790000E+03,  1.738632E-11,  1.825563E-13,  0.000000E+00,  0.000000E+00
  6.810000E+03,  1.746580E-11,  1.746580E-13,  0.000000E+00,  0.000000E+00
  6.830000E+03,  1.775852E-11,  1.775852E-13,  0.000000E+00,  0.000000E+00
  6.850000E+03,  1.740720E-11,  1.740720E-13,  0.000000E+00,  0.000000E+00
  6.870000E+03,  1.749922E-11,  1.749922E-13,  0.000000E+00,  0.000000E+00
  6.890000E+03,  1.762815E-11,  1.762815E-13,  0.000000E+00,  0.000000E+00
  6.910000E+03,  1.764921E-11,  1.764921E-13,  0.000000E+00,  0.000000E+00
  6.930000E+03,  1.751207E-11,  1.751207E-13,  0.000000E+00,  0.000000E+00
  6.950000E+03,  1.750802E-11,  1.750802E-13,  0.000000E+00,  0.000000E+00
  6.970000E+03,  1.773937E-11,  1.773937E-13,  0.000000E+00,  0.000000E+00
  6.990000E+03,  1.738626E-11,  1.738626E-13,  0.000000E+00,  0.000000E+00
  7.010000E+03,  1.732071E-11,  1.732071E-13,  0.000000E+00,  0.000000E+00
  7.030000E+03,  1.755491E-11,  1.755491E-13,  0.000000E+00,  0.000000E+00
  7.050000E+03,  1.755866E-11,  1.755866E-13,  0.000000E+00,  0.000000E+00
  7.070000E+03,  1.705307E-11,  1.705307E-13,  0.000000E+00,  0.000000E+00
  7.090000E+03,  1.687984E-11,  1.687984E-13,  0.000000E+00,  0.000000E+00
  7.110000E+03,  1.695205E-11,  1.695205E-13,  0.000000E+00,  0.000000E+00
  7.130000E+03,  1.651303E-11,  1.651303E-13,  0.000000E+00,  0.000000E+00
  7.150000E+03,  1.612612E-11,  1.612612E-13,  0.000000E+00,  0.000000E+00
  7.170000E+03,  1.672098E-11,  1.672098E-13,  0.000000E+00,  0.000000E+00
  7.190000E+03,  1.635707E-11,  1.635707E-13,  0.000000E+00,  0.000000E+00
  7.210000E+03,  1.641612E-11,  1.559531E-13,  0.000000E+00,  0.000000E+00
  7.230000E+03,  1.702170E-11,  1.446844E-13,  0.000000E+00,  0.000000E+00
  7.250000E+03,  1.688449E-11,  1.266337E-13,  0.000000E+00,  0.000000E+00
  7.270000E+03,  1.706345E-11,  1.109124E-13,  0.000000E+00,  0.000000E+00
  7.290000E+03,  1.690564E-11,  9.298104E-14,  0.000000E+00,  0.000000E+00
  7.310000E+03,  1.700122E-11,  7.650550E-14,  0.000000E+00,  0.000000E+00
  7.330000E+03,  1.677737E-11,  5.872080E-14,  0.000000E+00,  0.000000E+00
  7.350000E+03,  1.680534E-11,  4.201335E-14,  0.000000E+00,  0.000000E+00
  7.370000E+03,  1.709369E-11,  2.564053E-14,  0.000000E+00,  0.000000E+00
  7.390000E+03,  1.688340E-11,  8.441698E-15,  0.000000E+00,  0.000000E+00
  7.410000E+03,  1.672205E-11,  0.000000E+00,  0.000000E+00,  0.000000E+00
  7.430000E+03,  1.693334E-11,  0.000000E+00,  0.000000E+00,  0.000000E+00
  7.450000E+03,  1.683858E-11,  0.000000E+00,  0.000000E+00,  0.000000E+00
  7.470000E+03,  1.695335E-11,  0.000000E+00,  0.000000E+00,  0.000000E+00
  7.490000E+03,  1.687400E-11,  0.000000E+00,  0.000000E+00,  0.000000E+00
  7.510000E+03,  1.699626E-11,  0.000000E+00,  0.000000E+00,  0.000000E+00
  7.530000E+03,  1.708142E-11,  0.000000E+00,  0.000000E+00,  0.000000E+00
  7.550000E+03,  1.710705E-11,  0.000000E+00,  0.000000E+00,  0.000000E+00
  7.570000E+03,  1.700181E-11,  0.000000E+00,  0.000000E+00,  0.000000E+00
  7.590000E+03,  1.685583E-11,  0.000000E+00,  0.000000E+00,  0.000000E+00
  7.610000E+03,  1.681813E-11,  0.000000E+00,  0.000000E+00,  0.000000E+00
  7.630000E+03,  1.689412E-11,  0.000000E+00,  0.000000E+00,  0.000000E+00
  7.650000E+03,  1.685366E-11,  0.000000E+00,  0.000000E+00,  0.000000E+00
  7.670000E+03,  1.605005E-11,  0.000000E+00,  0.000000E+00,  0.000000E+00
  7.690000E+03,  1.670945E-11,  0.000000E+00,  0.000000E+00,  0.000000E+00
  7.710000E+03,  1.631357E-11,  0.000000E+00,  0.000000E+00,  0.000000E+00
  7.730000E+03,  1.655934E-11,  0.000000E+00,  0.000000E+00,  0.000000E+00
  7.750000E+03,  1.634210E-11,  0.000000E+00,  0.000000E+00,  0.000000E+00
  7.770000E+03,  1.670961E-11,  0.000000E+00,  0.000000E+00,  0.000000E+00
  7.790000E+03,  1.660732E-11,  0.000000E+00,  0.000000E+00,  0.000000E+00
  7.810000E+03,  1.662621E-11,  0.000000E+00,  0.000000E+00,  0.000000E+00
  7.830000E+03,  1.636067E-11,  0.000000E+00,  0.000000E+00,  0.000000E+00
  7.850000E+03,  1.638928E-11,  0.000000E+00,  0.000000E+00,  0.000000E+00
  7.870000E+03,  1.660409E-11,  0.000000E+00,  0.000000E+00,  0.000000E+00
  7.890000E+03,  1.645320E-11,  0.000000E+00,  0.000000E+00,  0.000000E+00
  7.910000E+03,  1.620204E-11,  0.000000E+00,  0.000000E+00,  0.000000E+00
  7.930000E+03,  1.608185E-11,  0.000000E+00,  0.000000E+00,  0.000000E+00
  7.950000E+03,  1.584980E-11,  0.000000E+00,  0.000000E+00,  0.000000E+00
  7.970000E+03,  1.634333E-11,  0.000000E+00,  0.000000E+00,  0.000000E+00
  7.990000E+03,  1.618481E-11,  0.000000E+00,  0.000000E+00,  0.000000E+00
  8.010000E+03,  1.613437E-11,  0.000000E+00,  0.000000E+00,  0.000000E+00
  8.030000E+03,  1.613732E-11,  0.000000E+00,  0.000000E+00,  0.000000E+00
  8.050000E+03,  1.601823E-11,  0.000000E+00,  0.000000E+00,  0.000000E+00
  8.070000E+03,  1.597335E-11,  0.000000E+00,  0.000000E+00,  0.000000E+00
  8.090000E+03,  1.583118E-11,  0.000000E+00,  0.000000E+00,  0.000000E+00
  8.110000E+03,  1.590353E-11,  0.000000E+00,  0.000000E+00,  0.000000E+00
  8.130000E+03,  1.605379E-11,  0.000000E+00,  0.000000E+00,  0.000000E+00
  8.150000E+03,  1.602460E-11,  0.000000E+00,  0.000000E+00,  0.000000E+00
  8.170000E+03,  1.596596E-11,  0.000000E+00,  0.000000E+00,  0.000000E+00
  8.190000E+03,  1.503502E-11,  0.000000E+00,  0.000000E+00,  0.000000E+00
  8.210000E+03,  1.552486E-11,  0.000000E+00,  0.000000E+00,  0.000000E+00
  8.230000E+03,  1.565186E-11,  0.000000E+00,  0.000000E+00,  0.000000E+00
  8.250000E+03,  1.568639E-11,  0.000000E+00,  0.000000E+00,  0.000000E+00
  8.270000E+03,  1.588124E-11,  0.000000E+00,  0.000000E+00,  0.000000E+00
  8.290000E+03,  1.576366E-11,  0.000000E+00,  0.000000E+00,  0.000000E+00
  8.310000E+03,  1.542007E-11,  0.000000E+00,  0.000000E+00,  0.000000E+00
  8.330000E+03,  1.516571E-11,  0.000000E+00,  0.000000E+00,  0.000000E+00
  8.350000E+03,  1.536314E-11,  0.000000E+00,  0.000000E+00,  0.000000E+00
  8.370000E+03,  1.538414E-11,  0.000000E+00,  0.000000E+00,  0.000000E+00
  8.390000E+03,  1.455520E-11,  0.000000E+00,  0.000000E+00,  0.000000E+00
  8.410000E+03,  1.535212E-11,  0.000000E+00,  0.000000E+00,  0.000000E+00
  8.430000E+03,  1.479764E-11,  0.000000E+00,  0.000000E+00,  0.000000E+00
  8.450000E+03,  1.525352E-11,  0.000000E+00,  0.000000E+00,  0.000000E+00
  8.470000E+03,  1.514670E-11,  0.000000E+00,  0.000000E+00,  0.000000E+00
  8.490000E+03,  1.505993E-11,  0.000000E+00,  0.000000E+00,  0.000000E+00
  8.510000E+03,  1.437686E-11,  0.000000E+00,  0.000000E+00,  0.000000E+00
  8.530000E+03,  1.487255E-11,  0.000000E+00,  0.000000E+00,  0.000000E+00
  8.550000E+03,  1.281310E-11,  0.000000E+00,  0.000000E+00,  0.000000E+00
  8.570000E+03,  1.525508E-11,  0.000000E+00,  0.000000E+00,  0.000000E+00
  8.590000E+03,  1.510826E-11,  0.000000E+00,  0.000000E+00,  0.000000E+00
  8.610000E+03,  1.504083E-11,  0.000000E+00,  0.000000E+00,  0.000000E+00
  8.630000E+03,  1.510876E-11,  0.000000E+00,  0.000000E+00,  0.000000E+00
  8.650000E+03,  1.503297E-11,  0.000000E+00,  0.000000E+00,  0.000000E+00
  8.670000E+03,  1.288108E-11,  0.000000E+00,  0.000000E+00,  0.000000E+00
  8.690000E+03,  1.427332E-11,  0.000000E+00,  0.000000E+00,  0.000000E+00
  8.710000E+03,  1.495131E-11,  0.000000E+00,  0.000000E+00,  0.000000E+00
  8.730000E+03,  1.490337E-11,  0.000000E+00,  0.000000E+00,  0.000000E+00
  8.750000E+03,  1.489722E-11,  0.000000E+00,  0.000000E+00,  0.000000E+00
  8.770000E+03,  1.483146E-11,  0.000000E+00,  0.000000E+00,  0.000000E+00
  8.790000E+03,  1.488784E-11,  0.000000E+00,  0.000000E+00,  0.000000E+00
  8.810000E+03,  1.432432E-11,  0.000000E+00,  0.000000E+00,  0.000000E+00
  8.830000E+03,  1.451903E-11,  0.000000E+00,  0.000000E+00,  0.000000E+00
  8.850000E+03,  1.476834E-11,  0.000000E+00,  0.000000E+00,  0.000000E+00
  8.870000E+03,  1.454333E-11,  0.000000E+00,  0.000000E+00,  0.000000E+00
  8.890000E+03,  1.477663E-11,  0.000000E+00,  0.000000E+00,  0.000000E+00
  8.910000E+03,  1.478137E-11,  0.000000E+00,  0.000000E+00,  0.000000E+00
  8.930000E+03,  1.453057E-11,  0.000000E+00,  0.000000E+00,  0.000000E+00
  8.950000E+03,  1.442605E-11,  0.000000E+00,  0.000000E+00,  0.000000E+00
  8.970000E+03,  1.447566E-11,  0.000000E+00,  0.000000E+00,  0.000000E+00
  8.990000E+03,  1.454435E-11,  0.000000E+00,  0.000000E+00,  0.000000E+00
  9.010000E+03,  1.392459E-11,  0.000000E+00,  0.000000E+00,  0.000000E+00
  9.030000E+03,  1.433139E-11,  0.000000E+00,  0.000000E+00,  0.000000E+00
  9.050000E+03,  1.458819E-11,  0.000000E+00,  0.000000E+00,  0.000000E+00
  9.070000E+03,  1.453645E-11,  0.000000E+00,  0.000000E+00,  0.000000E+00
  9.090000E+03,  1.406269E-11,  0.000000E+00,  0.000000E+00,  0.000000E+00
  9.110000E+03,  1.412286E-11,  0.000000E+00,  0.000000E+00,  0.000000E+00
  9.130000E+03,  1.434055E-11,  0.000000E+00,  0.000000E+00,  0.000000E+00
  9.150000E+03,  1.412721E-11,  0.000000E+00,  0.000000E+00,  0.000000E+00
  9.170000E+03,  1.401902E-11,  0.000000E+00,  0.000000E+00,  0.000000E+00
  9.190000E+03,  1.409332E-11,  0.000000E+00,  0.000000E+00,  0.000000E+00
  9.210000E+03,  1.383536E-11,  0.000000E+00,  0.000000E+00,  0.000000E+00
  9.230000E+03,  1.395077E-11,  0.000000E+00,  0.000000E+00,  0.000000E+00
  9.250000E+03,  1.374207E-11,  0.000000E+00,  0.000000E+00,  0.000000E+00
  9.270000E+03,  1.384491E-11,  0.000000E+00,  0.000000E+00,  0.000000E+00
  9.290000E+03,  1.373892E-11,  0.000000E+00,  0.000000E+00,  0.000000E+00
  9.310000E+03,  1.394315E-11,  0.000000E+00,  0.000000E+00,  0.000000E+00
  9.330000E+03,  1.390819E-11,  0.000000E+00,  0.000000E+00,  0.000000E+00
  9.350000E+03,  1.381555E-11,  0.000000E+00,  0.000000E+00,  0.000000E+00
  9.370000E+03,  1.364366E-11,  0.000000E+00,  0.000000E+00,  0.000000E+00
  9.390000E+03,  1.373510E-11,  0.000000E+00,  0.000000E+00,  0.000000E+00
  9.410000E+03,  1.342066E-11,  0.000000E+00,  0.000000E+00,  0.000000E+00
  9.430000E+03,  1.363341E-11,  0.000000E+00,  0.000000E+00,  0.000000E+00
  9.450000E+03,  1.334870E-11,  0.000000E+00,  0.000000E+00,  0.000000E+00
  9.470000E+03,  1.361813E-11,  0.000000E+00,  0.000000E+00,  0.000000E+00
  9.490000E+03,  1.362556E-11,  0.000000E+00,  0.000000E+00,  0.000000E+00
  9.510000E+03,  1.359546E-11,  0.000000E+00,  0.000000E+00,  0.000000E+00
  9.530000E+03,  1.349885E-11,  0.000000E+00,  0.000000E+00,  0.000000E+00
  9.550000E+03,  1.330957E-11,  0.000000E+00,  0.000000E+00,  0.000000E+00
  9.570000E+03,  1.334674E-11,  0.000000E+00,  0.000000E+00,  0.000000E+00
  9.590000E+03,  1.352548E-11,  0.000000E+00,  0.000000E+00,  0.000000E+00
  9.610000E+03,  1.331544E-11,  0.000000E+00,  0.000000E+00,  0.000000E+00
  9.630000E+03,  1.337347E-11,  0.000000E+00,  0.000000E+00,  0.000000E+00
  9.650000E+03,  1.291229E-11,  0.000000E+00,  0.000000E+00,  0.000000E+00
  9.670000E+03,  1.294593E-11,  0.000000E+00,  0.000000E+00,  0.000000E+00
  9.690000E+03,  1.322342E-11,  0.000000E+00,  0.000000E+00,  0.000000E+00
  9.710000E+03,  1.308382E-11,  0.000000E+00,  0.000000E+00,  0.000000E+00
  9.730000E+03,  1.295040E-11,  0.000000E+00,  0.000000E+00,  0.000000E+00
  9.750000E+03,  1.297537E-11,  0.000000E+00,  0.000000E+00,  0.000000E+00
  9.770000E+03,  1.304923E-11,  0.000000E+00,  0.000000E+00,  0.000000E+00
  9.790000E+03,  1.273156E-11,  0.000000E+00,  0.000000E+00,  0.000000E+00
  9.810000E+03,  1.315539E-11,  0.000000E+00,  0.000000E+00,  0.000000E+00
  9.830000E+03,  1.298860E-11,  0.000000E+00,  0.000000E+00,  0.000000E+00
  9.850000E+03,  1.313963E-11,  0.000000E+00,  0.000000E+00,  0.000000E+00
  9.870000E+03,  1.305472E-11,  0.000000E+00,  0.000000E+00,  0.000000E+00
  9.890000E+03,  1.304421E-11,  0.000000E+00,  0.000000E+00,  0.000000E+00
  9.910000E+03,  1.298968E-11,  0.000000E+00,  0.000000E+00,  0.000000E+00
  9.930000E+03,  1.299801E-11,  0.000000E+00,  0.000000E+00,  0.000000E+00
  9.950000E+03,  1.295642E-11,  0.000000E+00,  0.000000E+00,  0.000000E+00
  9.970000E+03,  1.296021E-11,  0.000000E+00,  0.000000E+00,  0.000000E+00
  9.990000E+03,  1.294078E-11,  0.000000E+00,  0.000000E+00,  0.000000E+00
  1.002500E+04,  1.282031E-11,  0.000000E+00,  0.000000E+00,  0.000000E+00
  1.007500E+04,  1.271249E-11,  0.000000E+00,  0.000000E+00,  0.000000E+00
  1.012500E+04,  1.270256E-11,  0.000000E+00,  0.000000E+00,  0.000000E+00
  1.017500E+04,  1.256441E-11,  0.000000E+00,  0.000000E+00,  0.000000E+00
  1.022500E+04,  1.251397E-11,  0.000000E+00,  0.000000E+00,  0.000000E+00
  1.027500E+04,  1.251553E-11,  0.000000E+00,  0.000000E+00,  0.000000E+00
  1.032500E+04,  1.229265E-11,  0.000000E+00,  0.000000E+00,  0.000000E+00
  1.037500E+04,  1.223442E-11,  0.000000E+00,  0.000000E+00,  0.000000E+00
  1.042500E+04,  1.227327E-11,  0.000000E+00,  0.000000E+00,  0.000000E+00
  1.047500E+04,  1.212391E-11,  0.000000E+00,  0.000000E+00,  0.000000E+00
  1.052500E+04,  1.213481E-11,  0.000000E+00,  0.000000E+00,  0.000000E+00
  1.057500E+04,  1.196780E-11,  0.000000E+00,  0.000000E+00,  0.000000E+00
  1.062500E+04,  1.193117E-11,  0.000000E+00,  0.000000E+00,  0.000000E+00
  1.067500E+04,  1.174699E-11,  0.000000E+00,  0.000000E+00,  0.000000E+00
  1.072500E+04,  1.173028E-11,  0.000000E+00,  0.000000E+00,  0.000000E+00
  1.077500E+04,  1.162319E-11,  0.000000E+00,  0.000000E+00,  0.000000E+00
  1.082500E+04,  1.137231E-11,  0.000000E+00,  0.000000E+00,  0.000000E+00
  1.087500E+04,  1.142918E-11,  0.000000E+00,  0.000000E+00,  0.000000E+00
  1.092500E+04,  1.141450E-11,  0.000000E+00,  0.000000E+00,  0.000000E+00
  1.097500E+04,  1.108097E-11,  0.000000E+00,  0.000000E+00,  0.000000E+00
  1.102500E+04,  1.105136E-11,  0.000000E+00,  0.000000E+00,  0.000000E+00
  1.107500E+04,  1.108354E-11,  0.000000E+00,  0.000000E+00,  0.000000E+00
  1.112500E+04,  1.100335E-11,  0.000000E+00,  0.000000E+00,  0.000000E+00
  1.117500E+04,  1.096023E-11,  0.000000E+00,  0.000000E+00,  0.000000E+00
  1.122500E+04,  1.095511E-11,  0.000000E+00,  0.000000E+00,  0.000000E+00
  1.127500E+04,  1.073514E-11,  0.000000E+00,  0.000000E+00,  0.000000E+00
  1.132500E+04,  1.079881E-11,  0.000000E+00,  0.000000E+00,  0.000000E+00
  1.137500E+04,  1.061508E-11,  0.000000E+00,  0.000000E+00,  0.000000E+00
  1.142500E+04,  1.052705E-11,  0.000000E+00,  0.000000E+00,  0.000000E+00
  1.147500E+04,  1.068261E-11,  0.000000E+00,  0.000000E+00,  0.000000E+00
  1.152500E+04,  1.068320E-11,  0.000000E+00,  0.000000E+00,  0.000000E+00
  1.157500E+04,  1.054492E-11,  0.000000E+00,  0.000000E+00,  0.000000E+00
  1.162500E+04,  1.034946E-11,  0.000000E+00,  0.000000E+00,  0.000000E+00
  1.167500E+04,  1.039060E-11,  0.000000E+00,  0.000000E+00,  0.000000E+00
  1.172500E+04,  1.049003E-11,  0.000000E+00,  0.000000E+00,  0.000000E+00
  1.177500E+04,  1.026334E-11,  0.000000E+00,  0.000000E+00,  0.000000E+00
  1.182500E+04,  1.013806E-11,  0.000000E+00,  0.000000E+00,  0.000000E+00
  1.187500E+04,  1.006567E-11,  0.000000E+00,  0.000000E+00,  0.000000E+00
  1.192500E+04,  1.027418E-11,  0.000000E+00,  0.000000E+00,  0.000000E+00
  1.197500E+04,  9.809593E-12,  0.000000E+00,  0.000000E+00,  0.000000E+00
  1.202500E+04,  1.004928E-11,  0.000000E+00,  0.000000E+00,  0.000000E+00
  1.207500E+04,  9.919193E-12,  0.000000E+00,  0.000000E+00,  0.000000E+00
  1.212500E+04,  1.000611E-11,  0.000000E+00,  0.000000E+00,  0.000000E+00
  1.217500E+04,  1.001112E-11,  0.000000E+00,  0.000000E+00,  0.000000E+00
  1.222500E+04,  9.955622E-12,  0.000000E+00,  0.000000E+00,  0.000000E+00
  1.227500E+04,  9.870595E-12,  0.000000E+00,  0.000000E+00,  0.000000E+00
  1.232500E+04,  9.826941E-12,  0.000000E+00,  0.000000E+00,  0.000000E+00
  1.237500E+04,  9.793580E-12,  0.000000E+00,  0.000000E+00,  0.000000E+00
  1.242500E+04,  9.691582E-12,  0.000000E+00,  0.000000E+00,  0.000000E+00
  1.247500E+04,  9.709159E-12,  0.000000E+00,  0.000000E+00,  0.000000E+00
  1.252500E+04,  9.602768E-12,  0.000000E+00,  0.000000E+00,  0.000000E+00
  1.257500E+04,  9.606237E-12,  0.000000E+00,  0.000000E+00,  0.000000E+00
  1.262500E+04,  9.542188E-12,  0.000000E+00,  0.000000E+00,  0.000000E+00
  1.267500E+04,  9.444779E-12,  0.000000E+00,  0.000000E+00,  0.000000E+00
  1.272500E+04,  9.463329E-12,  0.000000E+00,  0.000000E+00,  0.000000E+00
  1.277500E+04,  9.452098E-12,  0.000000E+00,  0.000000E+00,  0.000000E+00
  1.282500E+04,  9.163873E-12,  0.000000E+00,  0.000000E+00,  0.000000E+00
  1.287500E+04,  9.283091E-12,  0.000000E+00,  0.000000E+00,  0.000000E+00
  1.292500E+04,  9.146150E-12,  0.000000E+00,  0.000000E+00,  0.000000E+00
  1.297500E+04,  9.251332E-12,  0.000000E+00,  0.000000E+00,  0.000000E+00
  1.302500E+04,  9.170119E-12,  0.000000E+00,  0.000000E+00,  0.000000E+00
  1.307500E+04,  9.187549E-12,  0.000000E+00,  0.000000E+00,  0.000000E+00
  1.312500E+04,  8.918883E-12,  0.000000E+00,  0.000000E+00,  0.000000E+00
  1.317500E+04,  8.953809E-12,  0.000000E+00,  0.000000E+00,  0.000000E+00
  1.322500E+04,  9.043055E-12,  0.000000E+00,  0.000000E+00,  0.000000E+00
  1.327500E+04,  8.903387E-12,  0.000000E+00,  0.000000E+00,  0.000000E+00
  1.332500E+04,  8.909203E-12,  0.000000E+00,  0.000000E+00,  0.000000E+00
  1.337500E+04,  8.907785E-12,  0.000000E+00,  0.000000E+00,  0.000000E+00
  1.342500E+04,  8.915164E-12,  0.000000E+00,  0.000000E+00,  0.000000E+00
  1.347500E+04,  8.878303E-12,  0.000000E+00,  0.000000E+00,  0.000000E+00
  1.352500E+04,  8.846344E-12,  0.000000E+00,  0.000000E+00,  0.000000E+00
  1.357500E+04,  8.731034E-12,  0.000000E+00,  0.000000E+00,  0.000000E+00
  1.362500E+04,  8.668387E-12,  0.000000E+00,  0.000000E+00,  0.000000E+00
  1.367500E+04,  8.720486E-12,  0.000000E+00,  0.000000E+00,  0.000000E+00
  1.372500E+04,  8.737308E-12,  0.000000E+00,  0.000000E+00,  0.000000E+00
  1.377500E+04,  8.671655E-12,  0.000000E+00,  0.000000E+00,  0.000000E+00
  1.382500E+04,  8.673342E-12,  0.000000E+00,  0.000000E+00,  0.000000E+00
  1.387500E+04,  8.565164E-12,  0.000000E+00,  0.000000E+00,  0.000000E+00
  1.392500E+04,  8.432201E-12,  0.000000E+00,  0.000000E+00,  0.000000E+00
  1.397500E+04,  8.486953E-12,  0.000000E+00,  0.000000E+00,  0.000000E+00
  1.402500E+04,  8.401510E-12,  0.000000E+00,  0.000000E+00,  0.000000E+00
  1.407500E+04,  8.439371E-12,  0.000000E+00,  0.000000E+00,  0.000000E+00
  1.412500E+04,  8.300528E-12,  0.000000E+00,  0.000000E+00,  0.000000E+00
  1.417500E+04,  8.345466E-12,  0.000000E+00,  0.000000E+00,  0.000000E+00
  1.422500E+04,  8.228835E-12,  0.000000E+00,  0.000000E+00,  0.000000E+00
  1.427500E+04,  8.002030E-12,  0.000000E+00,  0.000000E+00,  0.000000E+00
  1.432500E+04,  8.237360E-12,  0.000000E+00,  0.000000E+00,  0.000000E+00
  1.437500E+04,  8.253000E-12,  0.000000E+00,  0.000000E+00,  0.000000E+00
  1.442500E+04,  8.078234E-12,  0.000000E+00,  0.000000E+00,  0.000000E+00
  1.447500E+04,  8.235353E-12,  0.000000E+00,  0.000000E+00,  0.000000E+00
  1.452500E+04,  8.090263E-12,  0.000000E+00,  0.000000E+00,  0.000000E+00
  1.457000E+04,  8.076678E-12,  0.000000E+00,  0.000000E+00,  0.000000E+00
  1.462000E+04,  7.984098E-12,  0.000000E+00,  0.000000E+00,  0.000000E+00
  1.467500E+04,  7.977455E-12,  0.000000E+00,  0.000000E+00,  0.000000E+00
  1.472500E+04,  7.913131E-12,  0.000000E+00,  0.000000E+00,  0.000000E+00
  1.477500E+04,  7.932860E-12,  0.000000E+00,  0.000000E+00,  0.000000E+00
  1.482500E+04,  7.961931E-12,  0.000000E+00,  0.000000E+00,  0.000000E+00
  1.487500E+04,  7.699861E-12,  0.000000E+00,  0.000000E+00,  0.000000E+00
  1.492500E+04,  8.033859E-12,  0.000000E+00,  0.000000E+00,  0.000000E+00
  1.497500E+04,  7.978246E-12,  0.000000E+00,  0.000000E+00,  0.000000E+00
  1.502500E+04,  7.436140E-12,  0.000000E+00,  0.000000E+00,  0.000000E+00
  1.507500E+04,  7.677516E-12,  0.000000E+00,  0.000000E+00,  0.000000E+00
  1.512500E+04,  7.881385E-12,  0.000000E+00,  0.000000E+00,  0.000000E+00
  1.517500E+04,  7.903858E-12,  0.000000E+00,  0.000000E+00,  0.000000E+00
  1.522500E+04,  7.862433E-12,  0.000000E+00,  0.000000E+00,  0.000000E+00
  1.527500E+04,  7.843099E-12,  0.000000E+00,  0.000000E+00,  0.000000E+00
  1.532500E+04,  7.874972E-12,  0.000000E+00,  0.000000E+00,  0.000000E+00
  1.537500E+04,  7.821938E-12,  0.000000E+00,  0.000000E+00,  0.000000E+00
  1.542500E+04,  7.788396E-12,  0.000000E+00,  0.000000E+00,  0.000000E+00
  1.547500E+04,  7.898195E-12,  0.000000E+00,  0.000000E+00,  0.000000E+00
  1.552500E+04,  7.734760E-12,  0.000000E+00,  0.000000E+00,  0.000000E+00
  1.557500E+04,  7.731556E-12,  0.000000E+00,  0.000000E+00,  0.000000E+00
  1.562500E+04,  7.825863E-12,  0.000000E+00,  0.000000E+00,  0.000000E+00
  1.567500E+04,  7.686517E-12,  0.000000E+00,  0.000000E+00,  0.000000E+00
  1.572500E+04,  7.639334E-12,  0.000000E+00,  0.000000E+00,  0.000000E+00
  1.577500E+04,  7.261088E-12,  0.000000E+00,  0.000000E+00,  0.000000E+00
  1.582500E+04,  7.597404E-12,  0.000000E+00,  0.000000E+00,  0.000000E+00
  1.587500E+04,  7.372462E-12,  0.000000E+00,  0.000000E+00,  0.000000E+00
  1.592500E+04,  7.551771E-12,  0.000000E+00,  0.000000E+00,  0.000000E+00
  1.597500E+04,  7.573159E-12,  0.000000E+00,  0.000000E+00,  0.000000E+00
  1.605000E+04,  7.529731E-12,  0.000000E+00,  0.000000E+00,  0.000000E+00
  1.615000E+04,  7.422258E-12,  0.000000E+00,  0.000000E+00,  0.000000E+00
  1.625000E+04,  7.362407E-12,  0.000000E+00,  0.000000E+00,  0.000000E+00
  1.635000E+04,  7.320372E-12,  0.000000E+00,  0.000000E+00,  0.000000E+00
  1.645000E+04,  7.176123E-12,  0.000000E+00,  0.000000E+00,  0.000000E+00
  1.655000E+04,  7.164251E-12,  0.000000E+00,  0.000000E+00,  0.000000E+00
  1.665000E+04,  6.989402E-12,  0.000000E+00,  0.000000E+00,  0.000000E+00
  1.675000E+04,  6.763197E-12,  0.000000E+00,  0.000000E+00,  0.000000E+00
  1.685000E+04,  6.690450E-12,  0.000000E+00,  0.000000E+00,  0.000000E+00
  1.695000E+04,  6.666829E-12,  0.000000E+00,  0.000000E+00,  0.000000E+00
  1.705000E+04,  6.450758E-12,  0.000000E+00,  0.000000E+00,  0.000000E+00
  1.715000E+04,  6.264317E-12,  0.000000E+00,  0.000000E+00,  0.000000E+00
  1.725000E+04,  6.186129E-12,  0.000000E+00,  0.000000E+00,  0.000000E+00
  1.735000E+04,  6.032246E-12,  0.000000E+00,  0.000000E+00,  0.000000E+00
  1.745000E+04,  5.969667E-12,  0.000000E+00,  0.000000E+00,  0.000000E+00
  1.755000E+04,  5.868716E-12,  0.000000E+00,  0.000000E+00,  0.000000E+00
  1.765000E+04,  5.772450E-12,  0.000000E+00,  0.000000E+00,  0.000000E+00
  1.775000E+04,  5.643559E-12,  0.000000E+00,  0.000000E+00,  0.000000E+00
  1.785000E+04,  5.563884E-12,  0.000000E+00,  0.000000E+00,  0.000000E+00
  1.795000E+04,  5.483955E-12,  0.000000E+00,  0.000000E+00,  0.000000E+00
  1.805000E+04,  5.310502E-12,  0.000000E+00,  0.000000E+00,  0.000000E+00
  1.815000E+04,  5.241305E-12,  0.000000E+00,  0.000000E+00,  0.000000E+00
  1.825000E+04,  5.105990E-12,  0.000000E+00,  0.000000E+00,  0.000000E+00
  1.835000E+04,  5.031297E-12,  0.000000E+00,  0.000000E+00,  0.000000E+00
  1.845000E+04,  4.853455E-12,  0.000000E+00,  0.000000E+00,  0.000000E+00
  1.855000E+04,  4.838246E-12,  0.000000E+00,  0.000000E+00,  0.000000E+00
  1.865000E+04,  4.723553E-12,  0.000000E+00,  0.000000E+00,  0.000000E+00
  1.875000E+04,  4.596347E-12,  0.000000E+00,  0.000000E+00,  0.000000E+00
  1.885000E+04,  4.566724E-12,  0.000000E+00,  0.000000E+00,  0.000000E+00
  1.895000E+04,  4.380278E-12,  0.000000E+00,  0.000000E+00,  0.000000E+00
  1.905000E+04,  4.415955E-12,  0.000000E+00,  0.000000E+00,  0.000000E+00
  1.915000E+04,  4.325190E-12,  0.000000E+00,  0.000000E+00,  0.000000E+00
  1.925000E+04,  4.268488E-12,  0.000000E+00,  0.000000E+00,  0.000000E+00
  1.935000E+04,  4.110994E-12,  0.000000E+00,  0.000000E+00,  0.000000E+00
  1.945000E+04,  4.008001E-12,  0.000000E+00,  0.000000E+00,  0.000000E+00
  1.955000E+04,  4.012216E-12,  0.000000E+00,  0.000000E+00,  0.000000E+00
  1.965000E+04,  3.950428E-12,  0.000000E+00,  0.000000E+00,  0.000000E+00
  1.975000E+04,  3.780460E-12,  0.000000E+00,  0.000000E+00,  0.000000E+00
  1.985000E+04,  3.761171E-12,  0.000000E+00,  0.000000E+00,  0.000000E+00
  1.995000E+04,  3.713780E-12,  0.000000E+00,  0.000000E+00,  0.000000E+00
  2.005000E+04,  3.717154E-12,  0.000000E+00,  0.000000E+00,  0.000000E+00
  2.015000E+04,  3.661648E-12,  0.000000E+00,  0.000000E+00,  0.000000E+00
  2.025000E+04,  3.552832E-12,  0.000000E+00,  0.000000E+00,  0.000000E+00
  2.035000E+04,  3.496027E-12,  0.000000E+00,  0.000000E+00,  0.000000E+00
  2.045000E+04,  3.476494E-12,  0.000000E+00,  0.000000E+00,  0.000000E+00
  2.055000E+04,  3.392918E-12,  0.000000E+00,  0.000000E+00,  0.000000E+00
  2.065000E+04,  3.312053E-12,  0.000000E+00,  0.000000E+00,  0.000000E+00
  2.075000E+04,  3.285269E-12,  0.000000E+00,  0.000000E+00,  0.000000E+00
  2.085000E+04,  3.219680E-12,  0.000000E+00,  0.000000E+00,  0.000000E+00
  2.095000E+04,  3.136115E-12,  0.000000E+00,  0.000000E+00,  0.000000E+00
  2.105000E+04,  3.120010E-12,  0.000000E+00,  0.000000E+00,  0.000000E+00
  2.115000E+04,  3.058853E-12,  0.000000E+00,  0.000000E+00,  0.000000E+00
  2.125000E+04,  3.016364E-12,  0.000000E+00,  0.000000E+00,  0.000000E+00
  2.135000E+04,  2.977123E-12,  0.000000E+00,  0.000000E+00,  0.000000E+00
  2.145000E+04,  2.930570E-12,  0.000000E+00,  0.000000E+00,  0.000000E+00
  2.155000E+04,  2.882365E-12,  0.000000E+00,  0.000000E+00,  0.000000E+00
  2.165000E+04,  2.820166E-12,  0.000000E+00,  0.000000E+00,  0.000000E+00
  2.175000E+04,  2.764937E-12,  0.000000E+00,  0.000000E+00,  0.000000E+00
  2.185000E+04,  2.729758E-12,  0.000000E+00,  0.000000E+00,  0.000000E+00
  2.195000E+04,  2.696917E-12,  0.000000E+00,  0.000000E+00,  0.000000E+00
  2.205000E+04,  2.595550E-12,  0.000000E+00,  0.000000E+00,  0.000000E+00
  2.215000E+04,  2.624819E-12,  0.000000E+00,  0.000000E+00,  0.000000E+00
  2.225000E+04,  2.541594E-12,  0.000000E+00,  0.000000E+00,  0.000000E+00
  2.235000E+04,  2.515755E-12,  0.000000E+00,  0.000000E+00,  0.000000E+00
  2.245000E+04,  2.482267E-12,  0.000000E+00,  0.000000E+00,  0.000000E+00
  2.255000E+04,  2.452999E-12,  0.000000E+00,  0.000000E+00,  0.000000E+00
  2.265000E+04,  2.384243E-12,  0.000000E+00,  0.000000E+00,  0.000000E+00
  2.275000E+04,  2.381053E-12,  0.000000E+00,  0.000000E+00,  0.000000E+00
  2.285000E+04,  2.315220E-12,  0.000000E+00,  0.000000E+00,  0.000000E+00
  2.295000E+04,  2.105974E-12,  0.000000E+00,  0.000000E+00,  0.000000E+00
  2.305000E+04,  2.179701E-12,  0.000000E+00,  0.000000E+00,  0.000000E+00
  2.315000E+04,  2.160252E-12,  0.000000E+00,  0.000000E+00,  0.000000E+00
  2.325000E+04,  1.952088E-12,  0.000000E+00,  0.000000E+00,  0.000000E+00
  2.335000E+04,  2.015749E-12,  0.000000E+00,  0.000000E+00,  0.000000E+00
  2.345000E+04,  2.038490E-12,  0.000000E+00,  0.000000E+00,  0.000000E+00
  2.355000E+04,  1.835849E-12,  0.000000E+00,  0.000000E+00,  0.000000E+00
  2.365000E+04,  1.931032E-12,  0.000000E+00,  0.000000E+00,  0.000000E+00
  2.375000E+04,  1.915607E-12,  0.000000E+00,  0.000000E+00,  0.000000E+00
  2.385000E+04,  1.744795E-12,  0.000000E+00,  0.000000E+00,  0.000000E+00
  2.395000E+04,  1.821497E-12,  0.000000E+00,  0.000000E+00,  0.000000E+00
  2.405000E+04,  1.828740E-12,  0.000000E+00,  0.000000E+00,  0.000000E+00
  2.415000E+04,  1.688415E-12,  0.000000E+00,  0.000000E+00,  0.000000E+00
  2.425000E+04,  1.730344E-12,  0.000000E+00,  0.000000E+00,  0.000000E+00
  2.435000E+04,  1.739073E-12,  0.000000E+00,  0.000000E+00,  0.000000E+00
  2.445000E+04,  1.648107E-12,  0.000000E+00,  0.000000E+00,  0.000000E+00
  2.455000E+04,  1.620815E-12,  0.000000E+00,  0.000000E+00,  0.000000E+00
  2.465000E+04,  1.665139E-12,  0.000000E+00,  0.000000E+00,  0.000000E+00
  2.475000E+04,  1.604720E-12,  0.000000E+00,  0.000000E+00,  0.000000E+00
  2.485000E+04,  1.537646E-12,  0.000000E+00,  0.000000E+00,  0.000000E+00
  2.495000E+04,  1.580632E-12,  0.000000E+00,  0.000000E+00,  0.000000E+00
  2.505000E+04,  1.573239E-12,  0.000000E+00,  0.000000E+00,  0.000000E+00
  2.515000E+04,  1.496871E-12,  0.000000E+00,  0.000000E+00,  0.000000E+00
  2.525000E+04,  1.482124E-12,  0.000000E+00,  0.000000E+00,  0.000000E+00
  2.535000E+04,  1.492387E-12,  0.000000E+00,  0.000000E+00,  0.000000E+00
  2.545000E+04,  1.461576E-12,  0.000000E+00,  0.000000E+00,  0.000000E+00
  2.555000E+04,  1.450358E-12,  0.000000E+00,  0.000000E+00,  0.000000E+00
  2.565000E+04,  1.439432E-12,  0.000000E+00,  0.000000E+00,  0.000000E+00
  2.575000E+04,  1.438137E-12,  0.000000E+00,  0.000000E+00,  0.000000E+00
  2.585000E+04,  1.381561E-12,  0.000000E+00,  0.000000E+00,  0.000000E+00
  2.595000E+04,  1.390024E-12,  0.000000E+00,  0.000000E+00,  0.000000E+00
  2.605000E+04,  1.378041E-12,  0.000000E+00,  0.000000E+00,  0.000000E+00
  2.615000E+04,  1.369343E-12,  0.000000E+00,  0.000000E+00,  0.000000E+00
  2.625000E+04,  1.330598E-12,  0.000000E+00,  0.000000E+00,  0.000000E+00
  2.635000E+04,  1.325172E-12,  0.000000E+00,  0.000000E+00,  0.000000E+00
  2.645000E+04,  1.310385E-12,  0.000000E+00,  0.000000E+00,  0.000000E+00
  2.655000E+04,  1.263143E-12,  0.000000E+00,  0.000000E+00,  0.000000E+00
  2.665000E+04,  1.256646E-12,  0.000000E+00,  0.000000E+00,  0.000000E+00
  2.675000E+04,  1.269360E-12,  0.000000E+00,  0.000000E+00,  0.000000E+00
  2.685000E+04,  1.255623E-12,  0.000000E+00,  0.000000E+00,  0.000000E+00
  2.695000E+04,  1.230696E-12,  0.000000E+00,  0.000000E+00,  0.000000E+00
  2.705000E+04,  1.221198E-12,  0.000000E+00,  0.000000E+00,  0.000000E+00
  2.715000E+04,  1.205646E-12,  0.000000E+00,  0.000000E+00,  0.000000E+00
  2.725000E+04,  1.195214E-12,  0.000000E+00,  0.000000E+00,  0.000000E+00
  2.735000E+04,  1.177555E-12,  0.000000E+00,  0.000000E+00,  0.000000E+00
  2.745000E+04,  1.166241E-12,  0.000000E+00,  0.000000E+00,  0.000000E+00
  2.755000E+04,  1.152409E-12,  0.000000E+00,  0.000000E+00,  0.000000E+00
  2.765000E+04,  1.135797E-12,  0.000000E+00,  0.000000E+00,  0.000000E+00
  2.775000E+04,  1.122979E-12,  0.000000E+00,  0.000000E+00,  0.000000E+00
  2.785000E+04,  1.107256E-12,  0.000000E+00,  0.000000E+00,  0.000000E+00
  2.795000E+04,  1.081952E-12,  0.000000E+00,  0.000000E+00,  0.000000E+00
  2.805000E+04,  1.057045E-12,  0.000000E+00,  0.000000E+00,  0.000000E+00
  2.815000E+04,  1.056227E-12,  0.000000E+00,  0.000000E+00,  0.000000E+00
  2.825000E+04,  1.050437E-12,  0.000000E+00,  0.000000E+00,  0.000000E+00
  2.835000E+04,  1.041106E-12,  0.000000E+00,  0.000000E+00,  0.000000E+00
  2.845000E+04,  1.028563E-12,  0.000000E+00,  0.000000E+00,  0.000000E+00
  2.855000E+04,  1.010839E-12,  0.000000E+00,  0.000000E+00,  0.000000E+00
  2.865000E+04,  1.001917E-12,  0.000000E+00,  0.000000E+00,  0.000000E+00
  2.875000E+04,  9.912375E-13,  0.000000E+00,  0.000000E+00,  0.000000E+00
  2.885000E+04,  9.779629E-13,  0.000000E+00,  0.000000E+00,  0.000000E+00
  2.895000E+04,  9.677519E-13,  0.000000E+00,  0.000000E+00,  0.000000E+00
  2.905000E+04,  9.497994E-13,  0.000000E+00,  0.000000E+00,  0.000000E+00
  2.915000E+04,  9.472167E-13,  0.000000E+00,  0.000000E+00,  0.000000E+00
  2.925000E+04,  9.119994E-13,  0.000000E+00,  0.000000E+00,  0.000000E+00
  2.935000E+04,  9.133097E-13,  0.000000E+00,  0.000000E+00,  0.000000E+00
  2.945000E+04,  8.918545E-13,  0.000000E+00,  0.000000E+00,  0.000000E+00
  2.955000E+04,  8.949721E-13,  0.000000E+00,  0.000000E+00,  0.000000E+00
  2.965000E+04,  8.715975E-13,  0.000000E+00,  0.000000E+00,  0.000000E+00
  2.975000E+04,  8.733765E-13,  0.000000E+00,  0.000000E+00,  0.000000E+00
  2.985000E+04,  8.607988E-13,  0.000000E+00,  0.000000E+00,  0.000000E+00
  2.995000E+04,  8.524567E-13,  0.000000E+00,  0.000000E+00,  0.000000E+00
  3.005000E+04,  8.313439E-13,  0.000000E+00,  0.000000E+00,  0.000000E+00
  3.015000E+04,  8.350628E-13,  0.000000E+00,  0.000000E+00,  0.000000E+00
  3.025000E+04,  8.200948E-13,  0.000000E+00,  0.000000E+00,  0.000000E+00
  3.035000E+04,  8.144628E-13,  0.000000E+00,  0.000000E+00,  0.000000E+00
  3.045000E+04,  7.891907E-13,  0.000000E+00,  0.000000E+00,  0.000000E+00
  3.055000E+04,  7.954196E-13,  0.000000E+00,  0.000000E+00,  0.000000E+00
  3.065000E+04,  7.829099E-13,  0.000000E+00,  0.000000E+00,  0.000000E+00
  3.075000E+04,  7.740189E-13,  0.000000E+00,  0.000000E+00,  0.000000E+00
  3.085000E+04,  7.578618E-13,  0.000000E+00,  0.000000E+00,  0.000000E+00
  3.095000E+04,  7.495883E-13,  0.000000E+00,  0.000000E+00,  0.000000E+00
  3.105000E+04,  7.485467E-13,  0.000000E+00,  0.000000E+00,  0.000000E+00
  3.115000E+04,  7.272278E-13,  0.000000E+00,  0.000000E+00,  0.000000E+00
  3.125000E+04,  7.309636E-13,  0.000000E+00,  0.000000E+00,  0.000000E+00
  3.135000E+04,  7.081293E-13,  0.000000E+00,  0.000000E+00,  0.000000E+00
  3.145000E+04,  7.108319E-13,  0.000000E+00,  0.000000E+00,  0.000000E+00
  3.155000E+04,  7.011633E-13,  0.000000E+00,  0.000000E+00,  0.000000E+00
  3.165000E+04,  6.975637E-13,  0.000000E+00,  0.000000E+00,  0.000000E+00
  3.175000E+04,  6.846864E-13,  0.000000E+00,  0.000000E+00,  0.000000E+00
  3.185000E+04,  6.765003E-13,  0.000000E+00,  0.000000E+00,  0.000000E+00
  3.195000E+04,  6.692555E-13,  0.000000E+00,  0.000000E+00,  0.000000E+00
  3.210000E+04,  6.637958E-13,  0.000000E+00,  0.000000E+00,  0.000000E+00
  3.230000E+04,  6.390986E-13,  0.000000E+00,  0.000000E+00,  0.000000E+00
  3.250000E+04,  6.325510E-13,  0.000000E+00,  0.000000E+00,  0.000000E+00
  3.270000E+04,  6.168375E-13,  0.000000E+00,  0.000000E+00,  0.000000E+00
  3.290000E+04,  5.975482E-13,  0.000000E+00,  0.000000E+00,  0.000000E+00
  3.310000E+04,  5.896649E-13,  0.000000E+00,  0.000000E+00,  0.000000E+00
  3.330000E+04,  5.710422E-13,  0.000000E+00,  0.000000E+00,  0.000000E+00
  3.350000E+04,  5.629800E-13,  0.000000E+00,  0.000000E+00,  0.000000E+00
  3.370000E+04,  5.534665E-13,  0.000000E+00,  0.000000E+00,  0.000000E+00
  3.390000E+04,  5.326705E-13,  0.000000E+00,  0.000000E+00,  0.000000E+00
  3.410000E+04,  5.264049E-13,  0.000000E+00,  0.000000E+00,  0.000000E+00
  3.430000E+04,  5.199911E-13,  0.000000E+00,  0.000000E+00,  0.000000E+00
  3.450000E+04,  5.006608E-13,  0.000000E+00,  0.000000E+00,  0.000000E+00
  3.470000E+04,  4.959360E-13,  0.000000E+00,  0.000000E+00,  0.000000E+00
  3.490000E+04,  4.870873E-13,  0.000000E+00,  0.000000E+00,  0.000000E+00
  3.510000E+04,  4.719607E-13,  0.000000E+00,  0.000000E+00,  0.000000E+00
  3.530000E+04,  4.626650E-13,  0.000000E+00,  0.000000E+00,  0.000000E+00
  3.550000E+04,  4.565415E-13,  0.000000E+00,  0.000000E+00,  0.000000E+00
  3.570000E+04,  4.421666E-13,  0.000000E+00,  0.000000E+00,  0.000000E+00
  3.590000E+04,  4.338450E-13,  0.000000E+00,  0.000000E+00,  0.000000E+00
  3.610000E+04,  4.298129E-13,  0.000000E+00,  0.000000E+00,  0.000000E+00
  3.630000E+04,  4.168861E-13,  0.000000E+00,  0.000000E+00,  0.000000E+00
  3.650000E+04,  4.085899E-13,  0.000000E+00,  0.000000E+00,  0.000000E+00
  3.670000E+04,  4.004565E-13,  0.000000E+00,  0.000000E+00,  0.000000E+00
  3.690000E+04,  3.915360E-13,  0.000000E+00,  0.000000E+00,  0.000000E+00
  3.710000E+04,  3.814723E-13,  0.000000E+00,  0.000000E+00,  0.000000E+00
  3.730000E+04,  3.762678E-13,  0.000000E+00,  0.000000E+00,  0.000000E+00
  3.750000E+04,  3.696562E-13,  0.000000E+00,  0.000000E+00,  0.000000E+00
  3.770000E+04,  3.598406E-13,  0.000000E+00,  0.000000E+00,  0.000000E+00
  3.790000E+04,  3.563545E-13,  0.000000E+00,  0.000000E+00,  0.000000E+00
  3.810000E+04,  3.472295E-13,  0.000000E+00,  0.000000E+00,  0.000000E+00
  3.830000E+04,  3.415515E-13,  0.000000E+00,  0.000000E+00,  0.000000E+00
  3.850000E+04,  3.346597E-13,  0.000000E+00,  0.000000E+00,  0.000000E+00
  3.870000E+04,  3.284408E-13,  0.000000E+00,  0.000000E+00,  0.000000E+00
  3.890000E+04,  3.211245E-13,  0.000000E+00,  0.000000E+00,  0.000000E+00
  3.910000E+04,  3.159372E-13,  0.000000E+00,  0.000000E+00,  0.000000E+00
  3.930000E+04,  3.097072E-13,  0.000000E+00,  0.000000E+00,  0.000000E+00
  3.950000E+04,  3.042186E-13,  0.000000E+00,  0.000000E+00,  0.000000E+00
  3.970000E+04,  2.987854E-13,  0.000000E+00,  0.000000E+00,  0.000000E+00
  3.990000E+04,  2.886734E-13,  0.000000E+00,  0.000000E+00,  0.000000E+00
  4.010000E+04,  2.867480E-13,  0.000000E+00,  0.000000E+00,  0.000000E+00
  4.030000E+04,  2.818137E-13,  0.000000E+00,  0.000000E+00,  0.000000E+00
  4.050000E+04,  2.744983E-13,  0.000000E+00,  0.000000E+00,  0.000000E+00
  4.070000E+04,  2.689299E-13,  0.000000E+00,  0.000000E+00,  0.000000E+00
  4.090000E+04,  2.657531E-13,  0.000000E+00,  0.000000E+00,  0.000000E+00
  4.110000E+04,  2.604076E-13,  0.000000E+00,  0.000000E+00,  0.000000E+00
  4.130000E+04,  2.556230E-13,  0.000000E+00,  0.000000E+00,  0.000000E+00
  4.150000E+04,  2.511478E-13,  0.000000E+00,  0.000000E+00,  0.000000E+00
  4.170000E+04,  2.451536E-13,  0.000000E+00,  0.000000E+00,  0.000000E+00
  4.190000E+04,  2.419126E-13,  0.000000E+00,  0.000000E+00,  0.000000E+00
  4.210000E+04,  2.347406E-13,  0.000000E+00,  0.000000E+00,  0.000000E+00
  4.230000E+04,  2.340673E-13,  0.000000E+00,  0.000000E+00,  0.000000E+00
  4.250000E+04,  2.284888E-13,  0.000000E+00,  0.000000E+00,  0.000000E+00
  4.270000E+04,  2.250368E-13,  0.000000E+00,  0.000000E+00,  0.000000E+00
  4.290000E+04,  2.130113E-13,  0.000000E+00,  0.000000E+00,  0.000000E+00
  4.310000E+04,  2.008789E-13,  0.000000E+00,  0.000000E+00,  0.000000E+00
  4.330000E+04,  2.023184E-13,  0.000000E+00,  0.000000E+00,  0.000000E+00
  4.350000E+04,  1.906681E-13,  0.000000E+00,  0.000000E+00,  0.000000E+00
  4.370000E+04,  1.847854E-13,  0.000000E+00,  0.000000E+00,  0.000000E+00
  4.390000E+04,  1.817022E-13,  0.000000E+00,  0.000000E+00,  0.000000E+00
  4.410000E+04,  1.717763E-13,  0.000000E+00,  0.000000E+00,  0.000000E+00
  4.430000E+04,  1.699190E-13,  0.000000E+00,  0.000000E+00,  0.000000E+00
  4.450000E+04,  1.668362E-13,  0.000000E+00,  0.000000E+00,  0.000000E+00
  4.470000E+04,  1.591080E-13,  0.000000E+00,  0.000000E+00,  0.000000E+00
  4.490000E+04,  1.593466E-13,  0.000000E+00,  0.000000E+00,  0.000000E+00
  4.510000E+04,  1.548163E-13,  0.000000E+00,  0.000000E+00,  0.000000E+00
  4.530000E+04,  1.497280E-13,  0.000000E+00,  0.000000E+00,  0.000000E+00
  4.550000E+04,  1.499012E-13,  0.000000E+00,  0.000000E+00,  0.000000E+00
  4.570000E+04,  1.487472E-13,  0.000000E+00,  0.000000E+00,  0.000000E+00
  4.590000E+04,  1.422361E-13,  0.000000E+00,  0.000000E+00,  0.000000E+00
  4.610000E+04,  1.432697E-13,  0.000000E+00,  0.000000E+00,  0.000000E+00
  4.630000E+04,  1.405266E-13,  0.000000E+00,  0.000000E+00,  0.000000E+00
  4.650000E+04,  1.397025E-13,  0.000000E+00,  0.000000E+00,  0.000000E+00
  4.670000E+04,  1.387243E-13,  0.000000E+00,  0.000000E+00,  0.000000E+00
  4.690000E+04,  1.364518E-13,  0.000000E+00,  0.000000E+00,  0.000000E+00
  4.710000E+04,  1.338251E-13,  0.000000E+00,  0.000000E+00,  0.000000E+00
  4.730000E+04,  1.343334E-13,  0.000000E+00,  0.000000E+00,  0.000000E+00
  4.750000E+04,  1.312492E-13,  0.000000E+00,  0.000000E+00,  0.000000E+00
  4.770000E+04,  1.294565E-13,  0.000000E+00,  0.000000E+00,  0.000000E+00
  4.790000E+04,  1.282398E-13,  0.000000E+00,  0.000000E+00,  0.000000E+00
  4.810000E+04,  1.246809E-13,  0.000000E+00,  0.000000E+00,  0.000000E+00
  4.830000E+04,  1.259072E-13,  0.000000E+00,  0.000000E+00,  0.000000E+00
  4.850000E+04,  1.234076E-13,  0.000000E+00,  0.000000E+00,  0.000000E+00
  4.870000E+04,  1.203637E-13,  0.000000E+00,  0.000000E+00,  0.000000E+00
  4.890000E+04,  1.188961E-13,  0.000000E+00,  0.000000E+00,  0.000000E+00
  4.910000E+04,  1.178048E-13,  0.000000E+00,  0.000000E+00,  0.000000E+00
  4.930000E+04,  1.154956E-13,  0.000000E+00,  0.000000E+00,  0.000000E+00
  4.950000E+04,  1.136645E-13,  0.000000E+00,  0.000000E+00,  0.000000E+00
  4.970000E+04,  1.127825E-13,  0.000000E+00,  0.000000E+00,  0.000000E+00
  4.990000E+04,  1.113651E-13,  0.000000E+00,  0.000000E+00,  0.000000E+00
  5.010000E+04,  1.079860E-13,  0.000000E+00,  0.000000E+00,  0.000000E+00
  5.030000E+04,  1.083795E-13,  0.000000E+00,  0.000000E+00,  0.000000E+00
  5.050000E+04,  1.058645E-13,  0.000000E+00,  0.000000E+00,  0.000000E+00
  5.070000E+04,  1.049999E-13,  0.000000E+00,  0.000000E+00,  0.000000E+00
  5.090000E+04,  1.037049E-13,  0.000000E+00,  0.000000E+00,  0.000000E+00
  5.110000E+04,  1.015083E-13,  0.000000E+00,  0.000000E+00,  0.000000E+00
  5.130000E+04,  1.012763E-13,  0.000000E+00,  0.000000E+00,  0.000000E+00
  5.150000E+04,  9.937469E-14,  0.000000E+00,  0.000000E+00,  0.000000E+00
  5.170000E+04,  9.889688E-14,  0.000000E+00,  0.000000E+00,  0.000000E+00
  5.190000E+04,  9.690526E-14,  0.000000E+00,  0.000000E+00,  0.000000E+00
  5.210000E+04,  9.596373E-14,  0.000000E+00,  0.000000E+00,  0.000000E+00
  5.230000E+04,  9.431511E-14,  0.000000E+00,  0.000000E+00,  0.000000E+00
  5.250000E+04,  9.362002E-14,  0.000000E+00,  0.000000E+00,  0.000000E+00
  5.270000E+04,  9.327342E-14,  0.000000E+00,  0.000000E+00,  0.000000E+00
  5.290000E+04,  9.063374E-14,  0.000000E+00,  0.000000E+00,  0.000000E+00
  5.310000E+04,  8.979651E-14,  0.000000E+00,  0.000000E+00,  0.000000E+00
  5.330000E+04,  8.877469E-14,  0.000000E+00,  0.000000E+00,  0.000000E+00
  5.350000E+04,  8.787454E-14,  0.000000E+00,  0.000000E+00,  0.000000E+00
  5.370000E+04,  8.688389E-14,  0.000000E+00,  0.000000E+00,  0.000000E+00
  5.390000E+04,  8.601555E-14,  0.000000E+00,  0.000000E+00,  0.000000E+00
  5.410000E+04,  8.493163E-14,  0.000000E+00,  0.000000E+00,  0.000000E+00
  5.430000E+04,  8.299550E-14,  0.000000E+00,  0.000000E+00,  0.000000E+00
  5.450000E+04,  8.291150E-14,  0.000000E+00,  0.000000E+00,  0.000000E+00
  5.470000E+04,  8.165331E-14,  0.000000E+00,  0.000000E+00,  0.000000E+00
  5.490000E+04,  8.060468E-14,  0.000000E+00,  0.000000E+00,  0.000000E+00
  5.510000E+04,  7.964613E-14,  0.000000E+00,  0.000000E+00,  0.000000E+00
  5.530000E+04,  7.980039E-14,  0.000000E+00,  0.000000E+00,  0.000000E+00
  5.550000E+04,  7.743089E-14,  0.000000E+00,  0.000000E+00,  0.000000E+00
  5.570000E+04,  7.752115E-14,  0.000000E+00,  0.000000E+00,  0.000000E+00
  5.590000E+04,  7.613981E-14,  0.000000E+00,  0.000000E+00,  0.000000E+00
  5.610000E+04,  7.534052E-14,  0.000000E+00,  0.000000E+00,  0.000000E+00
  5.630000E+04,  7.402983E-14,  0.000000E+00,  0.000000E+00,  0.000000E+00
  5.650000E+04,  7.375761E-14,  0.000000E+00,  0.000000E+00,  0.000000E+00
  5.670000E+04,  7.283025E-14,  0.000000E+00,  0.000000E+00,  0.000000E+00
  5.690000E+04,  7.138873E-14,  0.000000E+00,  0.000000E+00,  0.000000E+00
  5.710000E+04,  7.124883E-14,  0.000000E+00,  0.000000E+00,  0.000000E+00
  5.730000E+04,  7.023013E-14,  0.000000E+00,  0.000000E+00,  0.000000E+00
  5.750000E+04,  6.951960E-14,  0.000000E+00,  0.000000E+00,  0.000000E+00
  5.770000E+04,  6.845201E-14,  0.000000E+00,  0.000000E+00,  0.000000E+00
  5.790000E+04,  6.801518E-14,  0.000000E+00,  0.000000E+00,  0.000000E+00
  5.810000E+04,  6.688825E-14,  0.000000E+00,  0.000000E+00,  0.000000E+00
  5.830000E+04,  6.612080E-14,  0.000000E+00,  0.000000E+00,  0.000000E+00
  5.850000E+04,  6.549347E-14,  0.000000E+00,  0.000000E+00,  0.000000E+00
  5.870000E+04,  6.445896E-14,  0.000000E+00,  0.000000E+00,  0.000000E+00
  5.890000E+04,  6.374634E-14,  0.000000E+00,  0.000000E+00,  0.000000E+00
  5.910000E+04,  6.311262E-14,  0.000000E+00,  0.000000E+00,  0.000000E+00
  5.930000E+04,  6.238989E-14,  0.000000E+00,  0.000000E+00,  0.000000E+00
  5.950000E+04,  6.153036E-14,  0.000000E+00,  0.000000E+00,  0.000000E+00
  5.970000E+04,  6.100506E-14,  0.000000E+00,  0.000000E+00,  0.000000E+00
  5.990000E+04,  6.029540E-14,  0.000000E+00,  0.000000E+00,  0.000000E+00
  6.010000E+04,  5.958553E-14,  0.000000E+00,  0.000000E+00,  0.000000E+00
  6.030000E+04,  5.880625E-14,  0.000000E+00,  0.000000E+00,  0.000000E+00
  6.050000E+04,  5.792688E-14,  0.000000E+00,  0.000000E+00,  0.000000E+00
  6.070000E+04,  5.730826E-14,  0.000000E+00,  0.000000E+00,  0.000000E+00
  6.090000E+04,  5.660506E-14,  0.000000E+00,  0.000000E+00,  0.000000E+00
  6.110000E+04,  5.580928E-14,  0.000000E+00,  0.000000E+00,  0.000000E+00
  6.130000E+04,  5.535814E-14,  0.000000E+00,  0.000000E+00,  0.000000E+00
  6.150000E+04,  5.472402E-14,  0.000000E+00,  0.000000E+00,  0.000000E+00
  6.170000E+04,  5.413238E-14,  0.000000E+00,  0.000000E+00,  0.000000E+00
  6.190000E+04,  5.352187E-14,  0.000000E+00,  0.000000E+00,  0.000000E+00
  6.210000E+04,  5.292017E-14,  0.000000E+00,  0.000000E+00,  0.000000E+00
  6.230000E+04,  5.220435E-14,  0.000000E+00,  0.000000E+00,  0.000000E+00
  6.250000E+04,  5.147393E-14,  0.000000E+00,  0.000000E+00,  0.000000E+00
  6.270000E+04,  5.083197E-14,  0.000000E+00,  0.000000E+00,  0.000000E+00
  6.290000E+04,  5.040572E-14,  0.000000E+00,  0.000000E+00,  0.000000E+00
  6.310000E+04,  4.971643E-14,  0.000000E+00,  0.000000E+00,  0.000000E+00
  6.330000E+04,  4.932972E-14,  0.000000E+00,  0.000000E+00,  0.000000E+00
  6.350000E+04,  4.860510E-14,  0.000000E+00,  0.000000E+00,  0.000000E+00
  6.370000E+04,  4.818792E-14,  0.000000E+00,  0.000000E+00,  0.000000E+00
  6.390000E+04,  4.747316E-14,  0.000000E+00,  0.000000E+00,  0.000000E+00
  6.420000E+04,  4.671290E-14,  0.000000E+00,  0.000000E+00,  0.000000E+00
  6.460000E+04,  4.549576E-14,  0.000000E+00,  0.000000E+00,  0.000000E+00
  6.500000E+04,  4.441606E-14,  0.000000E+00,  0.000000E+00,  0.000000E+00
  6.540000E+04,  4.341859E-14,  0.000000E+00,  0.000000E+00,  0.000000E+00
  6.580000E+04,  4.238484E-14,  0.000000E+00,  0.000000E+00,  0.000000E+00
  6.620000E+04,  4.136750E-14,  0.000000E+00,  0.000000E+00,  0.000000E+00
  6.660000E+04,  4.047976E-14,  0.000000E+00,  0.000000E+00,  0.000000E+00
  6.700000E+04,  3.952808E-14,  0.000000E+00,  0.000000E+00,  0.000000E+00
  6.740000E+04,  3.864056E-14,  0.000000E+00,  0.000000E+00,  0.000000E+00
  6.780000E+04,  3.774684E-14,  0.000000E+00,  0.000000E+00,  0.000000E+00
  6.820000E+04,  3.686958E-14,  0.000000E+00,  0.000000E+00,  0.000000E+00
  6.860000E+04,  3.613541E-14,  0.000000E+00,  0.000000E+00,  0.000000E+00
  6.900000E+04,  3.530613E-14,  0.000000E+00,  0.000000E+00,  0.000000E+00
  6.940000E+04,  3.449832E-14,  0.000000E+00,  0.000000E+00,  0.000000E+00
  6.980000E+04,  3.381257E-14,  0.000000E+00,  0.000000E+00,  0.000000E+00
  7.020000E+04,  3.299704E-14,  0.000000E+00,  0.000000E+00,  0.000000E+00
  7.060000E+04,  3.232157E-14,  0.000000E+00,  0.000000E+00,  0.000000E+00
  7.100000E+04,  3.162621E-14,  0.000000E+00,  0.000000E+00,  0.000000E+00
  7.140000E+04,  3.096066E-14,  0.000000E+00,  0.000000E+00,  0.000000E+00
  7.180000E+04,  3.029805E-14,  0.000000E+00,  0.000000E+00,  0.000000E+00
  7.220000E+04,  2.962995E-14,  0.000000E+00,  0.000000E+00,  0.000000E+00
  7.260000E+04,  2.900332E-14,  0.000000E+00,  0.000000E+00,  0.000000E+00
  7.300000E+04,  2.842635E-14,  0.000000E+00,  0.000000E+00,  0.000000E+00
  7.340000E+04,  2.778148E-14,  0.000000E+00,  0.000000E+00,  0.000000E+00
  7.380000E+04,  2.723785E-14,  0.000000E+00,  0.000000E+00,  0.000000E+00
  7.420000E+04,  2.662265E-14,  0.000000E+00,  0.000000E+00,  0.000000E+00
  7.460000E+04,  2.608508E-14,  0.000000E+00,  0.000000E+00,  0.000000E+00
  7.500000E+04,  2.557573E-14,  0.000000E+00,  0.000000E+00,  0.000000E+00
  7.540000E+04,  2.499507E-14,  0.000000E+00,  0.000000E+00,  0.000000E+00
  7.580000E+04,  2.432188E-14,  0.000000E+00,  0.000000E+00,  0.000000E+00
  7.620000E+04,  2.374570E-14,  0.000000E+00,  0.000000E+00,  0.000000E+00
  7.660000E+04,  2.314621E-14,  0.000000E+00,  0.000000E+00,  0.000000E+00
  7.700000E+04,  2.262405E-14,  0.000000E+00,  0.000000E+00,  0.000000E+00
  7.740000E+04,  2.204284E-14,  0.000000E+00,  0.000000E+00,  0.000000E+00
  7.780000E+04,  2.156584E-14,  0.000000E+00,  0.000000E+00,  0.000000E+00
  7.820000E+04,  2.108861E-14,  0.000000E+00,  0.000000E+00,  0.000000E+00
  7.860000E+04,  2.059198E-14,  0.000000E+00,  0.000000E+00,  0.000000E+00
  7.900000E+04,  2.020873E-14,  0.000000E+00,  0.000000E+00,  0.000000E+00
  7.940000E+04,  1.975028E-14,  0.000000E+00,  0.000000E+00,  0.000000E+00
  7.980000E+04,  1.937137E-14,  0.000000E+00,  0.000000E+00,  0.000000E+00
  8.020000E+04,  1.901486E-14,  0.000000E+00,  0.000000E+00,  0.000000E+00
  8.060000E+04,  1.865438E-14,  0.000000E+00,  0.000000E+00,  0.000000E+00
  8.100000E+04,  1.832300E-14,  0.000000E+00,  0.000000E+00,  0.000000E+00
  8.140000E+04,  1.802747E-14,  0.000000E+00,  0.000000E+00,  0.000000E+00
  8.180000E+04,  1.769505E-14,  0.000000E+00,  0.000000E+00,  0.000000E+00
  8.220000E+04,  1.738973E-14,  0.000000E+00,  0.000000E+00,  0.000000E+00
  8.260000E+04,  1.709356E-14,  0.000000E+00,  0.000000E+00,  0.000000E+00
  8.300000E+04,  1.675961E-14,  0.000000E+00,  0.000000E+00,  0.000000E+00
  8.340000E+04,  1.646497E-14,  0.000000E+00,  0.000000E+00,  0.000000E+00
  8.380000E+04,  1.615746E-14,  0.000000E+00,  0.000000E+00,  0.000000E+00
  8.420000E+04,  1.586813E-14,  0.000000E+00,  0.000000E+00,  0.000000E+00
  8.460000E+04,  1.558319E-14,  0.000000E+00,  0.000000E+00,  0.000000E+00
  8.500000E+04,  1.530364E-14,  0.000000E+00,  0.000000E+00,  0.000000E+00
  8.540000E+04,  1.504317E-14,  0.000000E+00,  0.000000E+00,  0.000000E+00
  8.580000E+04,  1.476418E-14,  0.000000E+00,  0.000000E+00,  0.000000E+00
  8.620000E+04,  1.451487E-14,  0.000000E+00,  0.000000E+00,  0.000000E+00
  8.660000E+04,  1.422542E-14,  0.000000E+00,  0.000000E+00,  0.000000E+00
  8.700000E+04,  1.400122E-14,  0.000000E+00,  0.000000E+00,  0.000000E+00
  8.740000E+04,  1.376997E-14,  0.000000E+00,  0.000000E+00,  0.000000E+00
  8.780000E+04,  1.349652E-14,  0.000000E+00,  0.000000E+00,  0.000000E+00
  8.820000E+04,  1.325429E-14,  0.000000E+00,  0.000000E+00,  0.000000E+00
  8.860000E+04,  1.304330E-14,  0.000000E+00,  0.000000E+00,  0.000000E+00
  8.900000E+04,  1.282642E-14,  0.000000E+00,  0.000000E+00,  0.000000E+00
  8.940000E+04,  1.259318E-14,  0.000000E+00,  0.000000E+00,  0.000000E+00
  8.980000E+04,  1.236725E-14,  0.000000E+00,  0.000000E+00,  0.000000E+00
  9.020000E+04,  1.219418E-14,  0.000000E+00,  0.000000E+00,  0.000000E+00
  9.060000E+04,  1.199844E-14,  0.000000E+00,  0.000000E+00,  0.000000E+00
  9.100000E+04,  1.177519E-14,  0.000000E+00,  0.000000E+00,  0.000000E+00
  9.140000E+04,  1.155553E-14,  0.000000E+00,  0.000000E+00,  0.000000E+00
  9.180000E+04,  1.139294E-14,  0.000000E+00,  0.000000E+00,  0.000000E+00
  9.220000E+04,  1.119080E-14,  0.000000E+00,  0.000000E+00,  0.000000E+00
  9.260000E+04,  1.102043E-14,  0.000000E+00,  0.000000E+00,  0.000000E+00
  9.300000E+04,  1.085013E-14,  0.000000E+00,  0.000000E+00,  0.000000E+00
  9.340000E+04,  1.065902E-14,  0.000000E+00,  0.000000E+00,  0.000000E+00
  9.380000E+04,  1.046815E-14,  0.000000E+00,  0.000000E+00,  0.000000E+00
  9.420000E+04,  1.033416E-14,  0.000000E+00,  0.000000E+00,  0.000000E+00
  9.460000E+04,  1.013682E-14,  0.000000E+00,  0.000000E+00,  0.000000E+00
  9.500000E+04,  1.001033E-14,  0.000000E+00,  0.000000E+00,  0.000000E+00
  9.540000E+04,  9.864282E-15,  0.000000E+00,  0.000000E+00,  0.000000E+00
  9.580000E+04,  9.662423E-15,  0.000000E+00,  0.000000E+00,  0.000000E+00
  9.620000E+04,  9.545580E-15,  0.000000E+00,  0.000000E+00,  0.000000E+00
  9.660000E+04,  9.357909E-15,  0.000000E+00,  0.000000E+00,  0.000000E+00
  9.700000E+04,  9.246241E-15,  0.000000E+00,  0.000000E+00,  0.000000E+00
  9.740000E+04,  9.088030E-15,  0.000000E+00,  0.000000E+00,  0.000000E+00
  9.780000E+04,  8.926814E-15,  0.000000E+00,  0.000000E+00,  0.000000E+00
  9.820000E+04,  8.821908E-15,  0.000000E+00,  0.000000E+00,  0.000000E+00
  9.860000E+04,  8.682971E-15,  0.000000E+00,  0.000000E+00,  0.000000E+00
  9.900000E+04,  8.524540E-15,  0.000000E+00,  0.000000E+00,  0.000000E+00
  9.940000E+04,  8.387751E-15,  0.000000E+00,  0.000000E+00,  0.000000E+00
  9.980000E+04,  8.292736E-15,  0.000000E+00,  0.000000E+00,  0.000000E+00
  1.002000E+05,  8.163915E-15,  0.000000E+00,  0.000000E+00,  0.000000E+00
  2.000000E+05,  5.353913E-16,  0.000000E+00,  0.000000E+00,  0.000000E+00
  4.000000E+05,  3.392378E-17,  0.000000E+00,  0.000000E+00,  0.000000E+00
  6.000000E+05,  6.699604E-18,  0.000000E+00,  0.000000E+00,  0.000000E+00
  8.000000E+05,  2.113601E-18,  0.000000E+00,  0.000000E+00,  0.000000E+00
  1.000000E+06,  8.625223E-19,  0.000000E+00,  0.000000E+00,  0.000000E+00
  1.200000E+06,  4.143565E-19,  0.000000E+00,  0.000000E+00,  0.000000E+00
  1.400000E+06,  2.228252E-19,  0.000000E+00,  0.000000E+00,  0.000000E+00
  1.600000E+06,  1.301446E-19,  0.000000E+00,  0.000000E+00,  0.000000E+00
